1000 3865
551 623
70 529
46 621
163 888
27 889
330 730
73 794
448 732
398 952
80 603
124 239
36 635
683 739
516 898
719 836
935 985
65 405
192 439
95 296
344 838
270 389
484 727
86 231
63 948
168 716
25 408
94 350
20 198
234 775
96 256
336 636
114 546
954 992
68 516
519 975
2 450
495 958
787 792
518 555
137 363
6 856
100 864
181 478
840 878
206 356
488 785
670 996
580 999
210 791
177 919
427 628
33 716
578 615
109 457
334 812
47 790
303 762
104 196
480 668
98 988
334 583
664 847
148 848
130 789
81 327
118 581
320 575
86 587
212 608
145 454
545 640
199 834
403 432
507 936
537 614
92 96
535 853
142 707
142 266
72 299
190 198
148 709
118 382
165 823
162 473
321 547
276 488
371 899
487 521
169 517
188 531
116 529
603 681
352 488
122 484
145 669
127 685
186 419
500 676
296 939
42 335
564 988
104 924
694 800
96 161
291 465
394 858
858 932
701 948
29 35
41 836
357 481
398 434
268 678
67 414
3 972
119 909
101 298
7 780
462 660
225 827
368 694
465 794
500 586
336 749
147 248
4 864
554 882
662 872
478 774
80 231
257 555
380 629
229 488
377 982
372 404
360 901
291 596
633 807
281 424
505 755
503 622
24 322
355 580
66 860
36 613
553 661
391 786
25 147
643 711
535 845
130 444
395 800
402 414
567 588
769 843
706 927
411 599
106 285
178 456
283 911
280 672
478 916
544 764
474 991
330 570
28 880
92 343
391 990
626 855
158 569
250 451
64 220
18 980
35 528
206 551
584 646
121 568
490 823
195 517
161 945
78 335
143 299
223 948
513 580
408 627
503 756
45 676
128 221
637 702
292 590
58 458
659 680
439 711
93 188
665 881
350 421
203 216
152 849
168 678
821 985
526 940
414 446
200 941
385 461
770 883
98 749
121 305
858 863
430 463
523 877
47 186
245 287
22 709
88 246
268 832
796 917
75 480
662 685
695 878
85 899
138 217
152 940
747 907
33 277
144 959
511 512
630 849
392 566
23 445
211 270
126 185
386 573
77 509
109 773
53 974
443 583
456 492
259 381
131 639
580 723
109 181
573 646
406 984
93 531
589 707
142 178
417 833
702 827
342 532
39 168
93 650
152 430
166 848
595 977
338 467
625 939
501 514
568 760
352 823
256 783
615 819
54 328
408 822
269 997
219 984
488 936
263 273
123 891
281 445
276 711
133 690
558 652
446 554
469 1000
308 773
533 789
24 544
92 757
52 583
14 489
10 200
866 987
318 590
546 657
690 907
54 338
57 821
544 768
821 862
468 613
11 619
356 465
407 465
578 774
207 936
177 746
55 329
401 972
723 889
391 506
571 576
429 986
402 583
418 536
746 836
266 302
139 760
8 312
397 535
132 406
150 579
2 157
774 900
592 918
234 354
357 746
212 485
25 787
25 444
60 693
259 443
15 497
68 565
158 992
593 824
364 424
526 880
120 760
89 864
652 675
87 526
433 505
18 135
212 813
526 801
616 793
341 930
411 798
121 885
507 618
197 426
410 792
65 698
39 338
798 860
241 687
540 877
65 783
424 796
539 615
729 868
633 698
446 885
312 877
24 290
248 678
130 607
490 514
185 500
410 614
467 857
501 584
619 709
77 494
310 338
174 370
30 723
194 857
16 604
33 331
519 867
379 910
161 700
277 582
436 547
171 470
119 145
418 431
268 507
145 431
238 424
270 786
872 887
186 486
157 299
183 913
111 761
611 827
140 636
395 510
59 601
305 616
207 256
44 356
506 610
859 932
8 277
830 890
434 778
142 733
500 576
380 581
215 374
509 608
131 508
843 865
363 413
546 583
415 769
591 657
546 745
535 912
64 912
9 61
410 576
149 199
164 446
180 600
58 152
521 867
376 542
200 292
788 987
219 608
232 393
180 493
701 855
281 381
522 984
569 634
112 515
668 768
160 904
15 671
7 751
39 155
31 646
66 651
52 267
219 300
366 977
6 55
246 325
335 885
495 767
85 954
639 976
482 593
107 903
296 681
202 333
264 894
643 866
601 996
162 645
364 841
369 785
51 871
72 192
258 763
542 656
35 851
768 910
671 908
241 908
120 330
454 801
555 854
53 361
19 675
254 714
446 768
247 695
357 563
35 99
182 569
154 745
25 605
70 650
207 417
142 466
607 852
240 965
332 787
516 909
117 441
653 887
95 482
329 627
45 861
126 962
825 836
68 697
43 207
181 409
35 46
52 754
65 274
69 622
450 661
355 794
247 698
204 663
838 840
143 781
67 276
34 48
77 384
52 665
525 818
33 172
492 728
549 901
47 937
124 763
200 720
220 260
347 387
361 963
83 342
37 210
282 861
115 143
201 770
510 736
608 956
164 893
237 633
142 330
354 532
55 986
333 942
120 699
361 993
284 922
91 345
260 960
592 912
442 846
433 581
620 855
58 619
87 383
317 434
580 605
863 946
155 674
454 833
14 801
173 997
246 576
314 687
148 464
28 192
145 484
264 962
21 840
413 926
9 908
562 725
134 961
819 887
229 792
90 954
650 693
69 479
73 623
164 993
871 918
769 931
455 555
7 478
847 862
114 150
160 206
145 242
131 367
22 265
297 601
75 373
175 218
116 470
568 737
37 484
322 934
217 427
15 608
106 534
232 250
308 650
816 932
883 910
8 501
170 690
157 987
172 437
670 846
560 640
313 337
137 576
374 792
179 364
500 534
354 366
643 747
25 51
655 846
826 992
187 429
36 728
531 890
122 732
219 727
362 881
46 679
543 682
207 450
216 411
333 723
140 874
467 479
659 724
124 157
359 969
394 905
703 784
163 656
36 630
369 864
114 539
127 327
280 468
104 381
297 736
374 451
190 806
45 752
269 630
12 474
667 673
751 853
347 731
463 717
348 848
334 688
694 876
466 807
377 393
301 813
387 967
413 516
322 920
398 500
577 622
145 574
117 144
371 503
320 321
177 387
58 731
720 907
331 615
14 191
113 479
404 596
138 415
611 983
223 316
216 694
115 677
121 795
189 838
695 849
204 537
277 702
514 516
344 663
340 943
350 753
86 927
306 518
829 840
385 807
511 967
462 769
373 884
512 927
279 888
185 715
465 663
630 872
88 668
188 714
682 806
247 490
185 269
83 419
268 813
835 881
33 141
13 617
40 835
430 728
16 497
26 294
909 980
64 849
631 892
434 862
648 917
476 523
66 146
289 454
432 697
144 436
135 790
646 948
157 631
322 675
429 432
226 887
104 946
105 308
170 636
214 614
250 299
89 380
35 562
33 590
392 849
195 400
623 834
535 774
180 523
287 488
622 753
471 736
557 856
551 726
239 770
304 719
771 925
667 941
35 446
227 508
323 478
309 544
542 812
537 982
161 209
32 354
53 768
207 428
589 723
81 994
328 795
257 599
149 250
530 839
281 583
190 328
477 592
33 233
320 766
106 440
834 895
741 1000
24 438
425 563
596 929
155 756
41 927
441 972
409 801
361 829
356 439
437 634
645 943
17 290
215 686
820 888
821 841
73 141
275 909
325 340
492 565
225 957
419 682
181 777
23 165
255 835
54 313
222 389
213 441
311 665
196 645
756 803
282 295
146 981
250 575
659 914
421 584
719 837
11 590
92 560
6 296
300 696
101 604
256 402
609 996
457 754
116 637
457 729
814 969
631 835
38 217
59 575
573 729
603 709
579 745
77 189
664 984
31 275
192 287
27 582
979 982
765 945
156 183
122 407
73 206
21 239
236 372
377 813
465 511
223 459
304 679
174 941
125 379
199 692
203 410
449 793
157 441
17 692
407 932
176 186
184 982
447 861
710 942
918 995
49 291
589 889
117 1000
358 994
158 482
270 432
186 396
56 877
196 951
18 516
568 938
618 619
695 947
30 870
133 914
183 356
47 695
60 567
558 618
285 370
5 335
39 891
139 474
125 698
69 154
333 676
96 950
36 173
23 364
293 530
773 853
79 221
418 827
464 652
192 875
528 668
341 358
249 571
115 392
568 836
18 429
774 927
294 685
427 769
95 884
431 436
134 829
335 997
368 567
157 300
543 907
810 892
277 897
206 916
197 578
131 660
124 939
553 603
353 844
294 952
268 378
435 735
2 599
581 639
866 889
552 585
209 868
589 960
64 285
364 663
506 969
691 826
58 659
429 521
193 762
387 436
514 988
59 861
575 951
367 889
79 733
642 781
235 914
131 767
123 433
32 218
9 929
511 789
786 847
168 417
381 453
552 760
285 807
802 897
391 921
182 591
527 954
247 510
173 559
10 175
606 998
245 486
147 884
172 495
64 80
518 693
94 917
152 439
85 125
331 429
259 991
135 834
257 568
122 741
98 572
173 380
954 983
164 872
362 606
367 840
219 867
529 624
207 290
68 203
476 558
642 828
675 706
343 710
250 433
748 896
10 207
81 797
585 654
345 881
774 909
337 454
151 457
256 1000
255 853
197 935
29 749
503 712
479 593
126 509
445 715
769 802
867 934
502 558
620 655
242 880
169 833
587 758
640 973
4 338
424 503
148 832
238 362
75 880
314 873
333 885
329 357
39 690
118 929
600 740
646 746
176 665
114 180
193 459
119 576
639 937
118 954
82 587
292 905
81 766
172 177
416 999
222 508
429 634
602 812
533 609
479 783
868 935
424 719
272 318
18 227
122 198
202 623
108 419
61 160
160 896
117 444
848 893
460 736
850 881
729 877
188 462
28 703
32 539
527 705
111 301
348 458
303 897
339 872
300 648
310 496
103 992
777 941
94 790
684 961
371 998
179 449
715 801
710 777
238 908
262 422
668 769
720 854
322 925
123 900
249 865
194 224
495 964
704 922
472 723
567 937
596 698
324 608
93 523
520 819
543 607
486 514
413 693
429 813
684 913
202 214
3 800
93 927
401 519
127 153
294 397
336 959
387 614
439 693
851 908
94 640
253 781
155 409
427 944
605 622
59 482
673 996
453 489
289 343
133 755
657 743
133 445
115 426
337 369
41 515
98 954
7 427
299 529
541 770
217 252
2 444
308 520
142 687
736 950
445 549
150 487
506 645
586 896
8 849
393 409
884 927
360 897
532 951
166 824
128 940
379 705
210 598
411 673
579 726
321 551
137 853
453 609
258 444
124 472
215 809
83 442
162 957
252 923
842 942
191 281
20 72
122 657
486 810
10 508
481 511
287 934
821 1000
568 605
259 552
256 598
171 572
9 53
504 814
719 735
293 718
371 935
83 860
81 826
45 513
165 902
422 963
258 808
10 891
138 401
93 668
264 957
60 551
240 295
468 530
297 843
834 928
485 729
102 892
658 839
53 78
740 886
62 830
228 425
162 559
605 781
634 900
136 262
217 511
273 369
51 605
656 975
75 393
464 786
337 579
69 624
338 789
304 928
512 894
469 572
319 666
866 919
194 296
891 940
350 774
112 393
344 517
217 877
186 999
191 596
255 561
387 524
693 933
377 605
628 724
1 429
733 810
451 656
273 825
41 798
196 956
676 928
329 668
9 427
32 268
625 844
121 830
558 765
86 104
186 453
622 761
191 371
82 919
602 765
443 891
283 569
347 601
325 513
482 600
480 566
382 400
433 647
84 750
315 491
484 693
49 611
712 733
550 681
478 628
540 565
50 814
192 322
410 980
54 444
661 706
169 638
18 166
782 901
503 534
132 972
15 713
48 926
519 999
305 717
143 834
13 557
110 459
130 315
1 353
433 511
251 575
45 450
527 643
328 699
204 209
6 955
496 752
596 668
401 413
223 343
391 811
501 767
230 527
17 341
338 527
397 919
389 400
119 195
334 965
689 918
145 601
92 331
475 892
506 826
462 582
109 915
131 993
141 966
746 908
54 527
307 459
580 983
874 957
261 919
428 552
319 899
549 570
512 558
447 473
315 860
28 571
56 490
305 704
441 827
193 499
100 639
645 831
64 943
122 387
91 187
383 896
479 924
133 224
34 627
526 587
344 488
265 440
470 679
372 727
172 275
36 595
818 926
81 330
147 525
130 783
297 664
493 781
40 705
611 918
480 851
116 613
58 539
909 945
468 906
813 856
119 280
177 967
476 768
253 561
642 991
289 348
162 352
398 787
387 604
392 444
179 884
240 857
455 843
531 819
141 769
258 473
512 641
229 984
316 891
424 432
210 491
243 288
138 790
431 868
324 731
25 993
126 175
119 363
56 997
528 870
458 997
293 368
97 488
444 834
64 583
511 664
373 419
200 407
549 743
507 518
432 963
79 351
456 613
378 486
57 313
568 828
235 771
222 407
706 891
209 500
281 759
151 409
97 694
162 403
179 196
753 851
453 598
345 582
149 900
343 538
4 659
181 874
74 349
307 707
226 775
757 898
175 407
546 967
83 541
538 701
444 704
436 850
1 478
240 243
320 703
274 763
264 921
48 709
52 504
131 864
796 974
258 644
484 574
20 274
4 665
155 726
184 815
420 790
207 374
555 723
200 321
37 933
677 917
261 502
60 298
489 903
212 771
88 331
548 926
829 1000
6 793
105 565
616 726
200 480
142 859
947 995
768 908
529 939
448 789
769 970
191 532
136 586
408 816
40 795
428 474
116 932
467 926
525 620
423 817
250 861
483 884
39 830
475 693
968 978
840 918
31 593
550 671
65 536
110 781
206 232
102 589
99 844
516 751
12 884
329 732
471 846
737 991
373 826
304 861
167 940
458 956
154 880
75 543
462 581
403 706
82 810
229 386
131 904
615 661
692 897
203 462
155 896
348 978
116 447
344 559
221 510
254 981
126 139
23 222
387 931
66 384
127 188
472 483
145 643
530 866
74 496
7 686
265 535
799 874
289 315
379 505
117 714
81 280
573 894
101 525
429 708
683 853
67 82
56 546
539 796
9 132
249 814
325 529
96 176
32 467
21 70
64 853
459 989
681 768
460 535
68 935
18 693
585 596
384 506
565 847
46 916
531 949
564 604
208 895
733 782
547 745
435 938
123 657
146 694
35 335
677 882
433 732
533 979
331 362
496 837
496 859
224 578
600 651
113 602
300 327
425 736
116 827
159 701
628 689
132 159
524 946
111 437
183 536
37 820
315 614
85 876
291 928
431 941
56 527
485 628
97 654
348 746
694 789
556 692
4 726
833 937
31 724
389 710
88 992
304 932
503 558
168 255
921 996
222 706
202 636
162 874
700 810
525 663
225 343
173 927
251 323
11 704
115 408
205 554
804 876
52 704
698 759
252 682
349 826
501 917
637 900
354 550
66 420
86 683
209 550
453 585
650 968
761 927
616 753
383 563
811 899
887 997
57 552
324 845
350 597
865 943
225 880
285 458
161 909
230 376
535 694
46 156
27 320
149 252
216 853
101 142
934 967
117 277
525 788
32 285
227 293
522 606
193 548
87 768
619 644
498 813
229 760
162 164
318 398
356 678
580 839
174 728
395 423
472 712
869 928
843 992
352 723
112 241
451 499
55 797
107 169
60 882
144 893
730 906
100 710
573 748
350 536
619 863
627 823
364 687
287 894
592 741
127 670
494 778
657 997
366 464
155 749
354 989
703 811
59 851
829 995
661 878
341 951
59 595
132 590
853 944
19 782
665 725
170 449
602 713
69 398
60 674
195 861
526 984
205 605
802 946
365 980
871 964
384 804
892 982
273 418
114 347
133 799
312 401
380 996
14 910
674 907
130 498
349 720
908 912
401 896
955 957
386 587
943 997
436 532
54 808
286 703
741 790
393 460
928 992
811 912
368 420
48 117
290 372
336 573
330 612
122 692
172 506
267 650
368 374
45 128
871 898
390 559
110 765
75 927
216 976
402 471
474 902
50 444
602 895
365 919
881 983
203 828
951 989
16 648
150 439
218 801
22 33
591 889
690 834
660 700
174 205
122 816
487 825
83 932
30 774
7 965
402 955
424 601
402 793
450 734
534 618
125 264
31 370
540 626
66 936
272 289
343 427
499 546
880 972
213 908
591 607
6 45
502 837
118 317
179 839
647 711
84 886
573 765
489 870
304 789
93 651
552 813
47 575
104 193
462 984
790 841
501 990
321 477
176 643
673 927
324 934
159 532
649 828
659 994
308 873
559 663
712 937
311 754
495 901
846 919
803 1000
27 973
46 878
901 947
46 153
296 545
321 881
155 502
664 666
776 846
106 250
474 669
102 520
551 793
80 702
143 810
383 714
615 814
174 493
514 881
398 684
277 389
193 813
144 427
384 634
511 578
679 849
214 406
640 873
706 942
804 938
315 339
73 945
548 985
26 755
199 736
518 913
475 746
517 774
648 988
252 700
159 305
425 855
626 655
353 476
81 569
462 861
612 897
211 918
245 316
92 943
223 782
602 965
879 966
237 591
203 540
89 249
237 979
659 946
59 691
20 689
183 285
383 978
339 614
247 816
77 820
137 435
33 235
790 924
6 14
499 998
413 543
69 852
295 314
290 698
181 909
132 829
687 921
245 475
67 764
245 1000
92 163
567 747
342 898
727 758
338 653
159 221
265 785
54 985
122 331
120 819
63 678
759 976
253 643
386 543
26 801
619 756
531 823
363 858
289 911
10 410
977 991
5 902
468 788
356 397
620 938
171 508
173 631
71 905
79 243
149 971
29 672
433 475
236 457
834 909
479 798
341 720
573 692
64 595
460 464
256 568
310 754
4 443
304 955
329 933
735 846
112 795
461 954
618 934
458 720
67 512
69 478
241 826
107 614
363 626
282 982
739 802
499 925
404 938
593 906
143 295
239 780
408 846
213 938
145 948
592 649
18 20
774 996
959 970
438 826
114 165
297 656
372 429
50 500
158 822
514 832
3 584
212 436
628 956
232 568
65 994
722 738
507 722
346 392
463 948
547 662
125 914
417 871
248 763
260 295
613 695
368 958
165 456
963 979
10 341
11 526
121 402
47 100
426 597
181 704
68 333
314 951
360 673
591 791
34 980
221 647
170 300
485 491
275 736
93 587
286 875
430 492
489 882
754 906
20 499
277 278
99 878
349 825
273 964
674 748
212 376
250 673
25 821
775 871
511 644
250 687
107 725
50 63
837 943
376 700
180 226
501 685
125 903
39 561
111 755
127 546
632 803
308 411
114 186
981 990
352 562
324 456
799 1000
156 466
410 864
324 574
253 523
78 859
765 843
348 796
499 727
180 620
732 992
7 435
322 370
242 609
388 400
777 852
148 303
546 710
128 507
225 429
961 978
335 389
177 240
585 791
105 202
350 678
867 983
667 871
775 929
186 832
244 266
647 986
296 383
17 606
662 760
749 997
812 926
237 323
317 507
684 876
616 641
254 362
879 918
77 249
44 833
197 965
811 908
229 899
228 952
166 618
96 893
153 172
803 867
187 342
426 913
690 747
66 983
403 737
315 880
507 617
229 776
225 576
99 847
350 550
150 841
444 489
321 544
325 960
81 799
356 649
29 813
102 968
543 810
290 458
214 480
80 445
836 906
284 593
110 219
816 893
112 550
303 936
571 633
322 590
916 975
245 656
728 752
120 724
474 869
548 935
457 635
207 720
21 233
865 962
677 788
447 914
10 47
217 701
53 928
146 325
380 826
594 871
638 717
815 848
184 503
228 755
154 488
561 678
932 994
268 664
168 641
36 236
166 874
704 812
544 951
66 883
20 546
277 398
777 877
63 127
148 418
142 759
186 626
228 302
937 949
39 356
82 893
251 287
683 987
429 555
516 945
135 867
203 906
178 948
7 135
453 601
875 948
678 870
329 553
451 797
742 863
256 281
125 489
419 569
125 265
449 970
113 730
829 972
852 862
599 763
556 570
284 866
127 217
41 612
335 954
40 621
561 911
19 144
667 723
383 632
53 736
143 542
281 876
275 696
100 217
266 447
490 621
141 171
30 265
432 644
732 886
102 374
82 433
84 604
167 593
431 684
229 817
413 850
575 934
95 750
612 870
183 634
169 184
744 955
375 517
637 730
444 738
84 250
10 457
556 667
281 605
525 695
172 828
664 808
212 643
206 500
500 851
82 819
113 297
77 958
13 787
518 521
368 588
455 918
386 520
335 554
138 577
54 243
57 284
763 857
292 871
590 860
329 901
882 970
560 684
763 826
455 546
468 504
82 544
736 815
720 801
209 421
306 902
88 619
279 311
41 378
617 797
210 444
650 966
224 232
48 958
815 971
494 570
540 951
659 731
426 719
795 844
772 938
128 299
32 404
295 873
512 911
108 709
55 381
244 491
353 546
422 723
33 291
15 923
44 252
860 900
344 551
86 831
502 855
891 942
64 858
842 902
278 752
784 804
331 919
660 940
613 788
234 901
123 226
318 692
447 456
119 275
50 116
24 876
391 953
25 608
241 880
151 582
475 789
379 571
180 731
444 519
48 61
384 807
362 504
45 417
89 298
604 977
331 792
890 918
499 899
768 816
741 774
215 556
453 472
397 432
213 913
868 933
109 981
22 552
96 686
105 881
221 920
65 500
9 925
334 879
408 417
560 623
90 171
597 744
252 884
484 768
118 682
48 775
400 643
724 743
409 763
599 736
156 878
387 984
385 687
233 285
378 858
30 296
403 915
500 583
319 877
60 325
622 699
241 313
839 964
123 621
363 700
704 952
724 926
529 872
147 882
484 613
779 965
389 981
429 734
767 825
106 700
580 696
368 476
618 952
208 707
574 882
89 874
812 816
390 960
269 380
376 950
515 848
157 272
363 751
529 633
394 762
237 912
302 448
300 437
423 649
352 861
523 628
648 953
415 729
327 476
286 446
578 805
226 938
736 812
331 569
35 367
649 732
212 640
23 568
225 777
487 702
366 799
301 922
237 585
265 858
56 731
640 981
328 783
27 363
90 638
54 856
25 197
781 965
652 844
354 956
375 916
159 724
605 981
136 331
596 937
182 541
19 812
417 499
247 877
308 584
374 967
151 252
93 706
912 957
20 47
530 641
232 688
72 484
327 957
640 893
136 369
436 877
94 776
304 503
613 830
454 731
276 605
510 563
136 946
81 625
229 558
138 480
792 837
498 587
273 667
624 740
146 876
556 767
141 458
98 538
474 900
758 990
673 853
56 415
471 626
34 254
42 445
638 928
172 745
250 407
238 534
342 667
593 675
145 365
303 927
88 207
837 982
311 545
654 684
166 699
101 835
495 978
73 942
161 407
33 539
87 351
180 587
646 821
535 554
50 135
114 826
330 673
354 891
63 720
156 999
136 486
157 451
354 727
337 451
642 914
343 896
498 519
445 489
123 884
98 880
68 205
407 860
568 861
154 535
93 583
505 996
566 906
96 410
608 922
173 223
307 521
447 899
315 653
42 577
163 703
65 505
441 489
745 969
195 501
222 708
347 832
182 346
471 582
117 471
346 888
36 348
529 566
109 996
274 397
435 917
229 762
51 892
461 729
844 995
168 893
415 828
797 978
203 724
299 714
528 951
449 966
185 277
478 931
423 618
307 447
240 713
565 689
139 750
122 908
109 610
295 424
489 525
349 482
660 767
397 936
79 895
781 835
129 634
261 522
543 801
55 782
129 252
356 919
16 852
529 627
8 505
146 309
164 918
27 149
392 560
827 907
188 550
268 757
439 741
591 801
446 887
311 696
380 813
723 966
207 413
363 696
418 455
168 684
329 443
566 899
6 224
288 761
258 538
808 837
546 960
202 551
718 876
300 615
220 739
301 530
26 342
103 809
295 746
148 166
79 375
505 911
289 836
218 468
326 846
46 748
549 889
68 519
870 990
638 671
906 972
505 679
88 287
873 966
517 747
250 348
101 480
545 660
25 774
482 585
175 191
222 377
546 769
590 762
330 440
834 864
363 717
720 851
115 433
293 536
536 615
592 665
318 830
272 953
511 888
290 733
51 921
78 114
175 629
698 819
315 870
224 559
2 38
172 518
13 888
312 429
452 896
317 630
323 696
88 449
197 234
259 757
88 910
131 966
208 495
490 598
607 654
645 652
519 917
532 843
145 384
734 843
97 668
329 846
45 288
686 990
292 748
94 941
463 687
217 372
540 946
38 456
789 844
313 484
31 522
944 990
506 955
548 700
255 732
269 566
41 166
784 806
267 719
354 847
83 129
472 663
11 129
245 491
283 980
472 478
815 1000
141 550
294 684
852 961
81 557
56 678
10 17
443 986
535 760
199 472
339 507
130 982
111 876
323 902
522 936
241 703
300 596
21 716
288 600
17 59
776 957
27 140
167 178
469 581
722 916
73 815
581 707
315 624
679 813
248 263
395 787
179 260
44 836
463 668
90 360
525 596
746 909
406 917
71 340
639 763
210 512
688 886
561 978
173 358
858 964
69 660
174 367
751 811
488 857
77 414
92 823
67 736
794 888
533 717
166 895
99 683
229 818
599 957
165 591
665 712
146 612
236 836
4 711
395 987
13 771
4 931
216 941
539 565
21 57
19 838
115 265
104 858
304 854
685 933
806 939
114 291
228 464
690 857
5 476
780 925
277 527
798 971
604 707
771 965
157 390
847 981
232 274
80 413
136 174
562 774
357 701
86 121
93 734
28 334
29 635
626 902
315 753
160 176
399 714
599 875
258 840
28 946
245 505
90 903
545 602
610 757
25 571
188 387
187 921
781 944
754 894
68 839
472 636
510 812
279 672
524 990
85 428
186 484
248 677
471 527
241 263
12 166
373 420
574 867
431 829
291 970
106 527
234 676
163 380
501 758
373 529
70 949
608 627
166 951
694 994
346 538
110 659
798 992
141 528
433 993
811 828
104 763
5 591
210 458
231 353
118 588
85 958
285 593
433 730
144 435
67 506
388 884
205 759
514 605
179 356
395 444
480 506
575 956
114 491
5 924
126 320
203 765
570 625
745 913
382 883
28 913
378 624
25 535
78 415
96 794
699 771
393 579
54 675
166 806
516 949
667 853
737 996
194 469
61 501
203 982
485 772
286 582
416 919
536 544
314 858
560 668
966 976
732 942
361 573
320 947
172 198
105 441
160 372
427 815
176 419
235 925
354 479
455 806
486 697
220 641
192 386
497 916
461 749
117 279
456 531
4 353
577 869
263 453
286 888
381 580
880 947
446 859
271 443
6 125
370 827
76 106
22 428
232 483
407 457
76 393
527 781
356 574
507 663
383 388
173 688
634 681
835 964
119 532
71 297
73 619
82 377
126 535
190 810
249 300
527 810
643 808
18 281
112 774
466 869
244 290
516 752
41 635
720 896
259 879
216 674
18 675
543 873
440 750
293 650
128 748
48 578
310 857
784 946
47 838
159 454
633 685
46 701
247 682
236 820
136 923
702 745
134 631
489 584
546 964
197 333
12 124
186 321
52 715
230 458
352 364
595 873
711 904
579 624
86 154
317 703
381 757
149 850
377 639
541 698
547 915
401 735
51 173
129 432
186 929
416 571
213 531
49 454
62 760
523 969
485 837
348 884
370 453
155 968
347 953
411 881
161 228
490 985
12 62
652 741
448 637
127 721
54 888
95 307
349 890
479 817
223 258
571 840
49 169
145 180
79 791
149 923
46 437
252 778
787 955
506 536
654 876
912 921
92 763
27 280
412 837
17 671
397 802
308 639
102 512
678 738
312 431
39 358
746 791
432 728
195 621
364 951
365 652
755 818
310 564
215 504
521 787
216 533
740 836
315 360
461 635
158 977
645 941
301 334
835 955
629 851
514 720
866 911
297 449
509 694
336 742
697 729
89 535
774 899
313 517
767 946
99 427
48 676
34 487
420 957
241 666
880 924
165 414
198 783
277 463
158 382
630 884
175 546
289 824
93 200
78 275
242 498
629 928
244 696
486 928
10 594
668 832
242 673
360 998
533 911
253 819
442 927
51 327
153 196
48 107
6 604
351 934
677 710
867 889
328 928
196 367
557 872
365 592
358 730
50 485
882 945
361 727
112 940
150 224
364 452
17 938
130 646
601 923
430 828
103 888
167 171
426 786
100 700
168 448
36 421
431 841
139 538
376 684
756 974
51 553
166 858
101 337
882 922
108 303
882 971
470 814
250 704
307 955
246 871
298 755
389 596
305 783
298 730
583 691
338 846
309 385
658 956
614 809
104 170
288 974
591 817
141 456
172 293
318 618
218 685
711 716
192 599
501 648
753 981
238 345
58 249
140 766
12 241
315 631
550 584
4 43
157 794
88 423
322 840
53 115
302 628
720 909
120 294
31 346
904 997
523 754
430 803
702 922
456 743
132 923
238 625
132 175
219 571
117 415
470 963
123 508
175 348
70 515
616 691
565 838
672 964
319 434
623 704
254 398
379 788
500 868
29 30
171 492
296 539
129 408
767 874
70 522
934 938
320 486
64 902
181 738
158 492
474 919
320 337
542 829
167 539
150 378
202 941
32 733
137 403
303 699
100 521
9 340
12 231
390 701
314 883
862 977
148 350
555 812
188 823
152 562
284 917
405 600
282 449
255 436
184 946
759 797
174 529
606 658
68 211
245 651
614 911
220 341
426 743
363 410
597 841
652 946
382 961
227 355
491 544
349 899
117 275
292 339
62 119
281 995
17 722
183 404
221 680
757 765
97 769
432 440
581 890
157 245
472 726
164 390
958 993
77 431
267 567
221 832
263 298
846 949
155 684
254 393
167 844
444 816
270 701
231 372
57 331
184 729
120 859
499 904
390 525
5 91
253 678
559 926
119 917
347 576
525 666
312 918
137 379
50 431
84 975
117 269
482 748
284 376
436 974
587 935
193 640
503 734
591 980
694 842
536 906
358 722
840 870
215 601
343 809
338 967
958 988
681 905
399 691
478 585
466 952
806 945
11 822
208 696
177 693
130 330
69 656
655 959
112 410
677 747
513 670
431 714
213 513
836 946
465 820
183 517
124 518
407 756
807 971
303 600
566 673
35 351
572 742
179 406
652 767
249 395
705 741
381 953
17 200
155 275
458 925
297 967
289 910
119 441
826 859
276 335
577 843
351 383
431 613
77 151
337 418
335 787
819 998
127 690
137 948
202 784
436 639
505 657
475 901
779 851
313 699
421 581
253 982
162 838
19 93
233 300
458 627
6 803
612 817
97 871
78 508
172 356
213 546
49 140
309 541
264 511
644 958
190 663
711 747
128 364
491 763
140 419
86 388
412 504
135 255
153 446
359 903
223 317
508 643
103 290
484 511
83 268
525 730
643 809
133 651
36 977
239 709
283 960
61 627
210 895
274 871
255 522
627 771
645 822
351 462
494 503
47 911
532 602
531 760
105 350
80 271
61 957
145 885
413 630
11 486
354 952
488 726
606 800
471 967
199 250
111 779
106 595
120 982
12 459
130 620
894 925
227 253
324 430
30 356
301 761
785 966
43 192
699 772
443 768
706 936
90 751
601 927
249 657
476 674
487 699
197 367
68 241
19 219
360 660
564 890
109 375
279 415
34 690
394 557
784 993
185 873
520 708
291 686
155 762
1 685
337 677
645 913
501 863
97 801
236 660
281 383
395 406
83 86
382 402
449 497
111 764
426 773
76 319
106 612
587 626
187 702
7 113
748 815
26 405
834 870
570 846
216 549
678 798
75 800
722 777
17 664
716 830
474 693
164 573
34 74
137 554
2 165
288 521
767 974
540 947
26 84
499 967
190 231
176 921
864 876
638 899
528 977
265 985
473 853
249 413
413 680
852 950
124 393
238 698
632 816
248 433
137 146
267 874
783 931
393 936
79 984
366 766
359 935
104 288
231 255
606 979
468 806
667 954
294 706
140 826
511 822
168 972
253 639
156 567
419 766
432 649
199 998
124 771
196 777
88 949
17 597
248 394
469 769
296 559
501 569
94 115
60 234
1 67
547 627
16 381
457 818
141 313
278 975
308 582
78 579
14 505
387 435
437 724
232 924
501 653
596 758
423 984
158 690
6 925
229 363
310 933
551 719
422 991
604 672
151 878
41 371
341 938
522 729
64 337
121 450
182 911
65 674
65 685
921 997
34 854
635 724
265 986
534 731
731 883
582 709
73 811
303 378
231 811
520 681
391 744
149 209
27 760
105 212
678 887
34 932
245 685
246 468
360 366
195 309
160 636
617 750
699 859
97 999
59 156
783 860
12 479
708 904
165 820
685 790
285 653
918 930
52 925
217 244
218 984
401 873
98 354
106 296
612 938
799 937
340 958
283 578
60 494
148 795
65 361
224 795
858 872
425 812
81 272
664 892
308 775
281 716
486 592
448 591
56 834
232 875
350 366
286 927
116 376
67 596
775 818
403 720
257 683
336 695
435 643
12 116
473 492
269 408
414 472
203 781
102 139
724 790
746 755
421 689
740 777
376 875
131 614
448 946
188 246
211 337
683 797
291 338
106 705
284 781
624 850
324 812
295 673
803 842
641 776
391 562
245 729
422 918
13 816
655 908
38 735
23 601
78 216
484 605
46 571
396 692
759 805
12 520
16 783
148 382
790 896
65 939
726 884
143 619
184 688
541 831
824 929
513 747
166 959
111 304
101 848
105 328
244 626
650 832
45 917
307 407
686 909
80 201
183 398
191 370
235 985
276 758
496 669
274 681
145 980
516 863
114 146
614 842
73 180
164 854
283 359
387 768
105 545
536 984
456 571
8 250
144 876
45 576
361 365
802 966
261 650
376 841
155 559
163 936
890 917
176 574
125 388
240 933
200 370
130 294
199 599
603 974
191 784
9 629
40 816
127 605
259 670
381 926
46 967
653 880
149 821
728 832
648 902
163 758
569 702
460 937
17 781
28 144
745 886
24 413
146 856
97 967
101 844
112 574
136 995
724 821
143 178
481 795
223 591
44 654
216 511
327 543
60 172
663 981
927 936
231 971
326 339
53 507
452 892
751 994
310 698
174 667
303 989
562 776
82 306
262 276
686 721
120 296
365 573
376 829
139 790
633 660
363 800
629 688
260 557
107 136
124 254
733 831
74 948
376 893
13 342
440 778
145 193
917 998
324 886
225 701
230 577
62 83
512 543
257 344
310 663
428 853
309 837
622 746
180 776
815 830
233 464
88 556
554 831
139 254
140 915
149 313
446 880
82 129
319 480
389 497
371 403
156 759
501 545
837 933
137 970
93 921
97 467
32 416
790 991
341 568
500 668
623 913
461 718
191 270
413 666
182 329
262 370
160 709
221 684
271 657
183 742
332 509
772 888
197 559
329 936
318 983
259 400
178 655
668 992
71 683
586 615
224 391
512 750
209 598
553 554
606 882
179 487
275 759
585 664
71 616
758 870
217 277
176 822
364 783
153 953
151 687
277 599
674 816
418 835
482 966
358 389
409 777
184 892
68 412
152 506
302 816
343 758
538 895
232 262
434 436
2 443
422 920
391 469
42 232
379 890
712 860
105 579
535 960
267 298
199 856
296 560
476 825
228 390
391 664
590 665
83 858
399 739
73 571
445 630
217 582
351 624
377 390
415 457
541 700
722 745
687 825
154 994
251 567
625 951
46 496
135 250
590 847
826 830
476 998
4 36
837 957
165 727
399 949
402 905
1 67 82 306 2 38 3 4 43 36 236 5 91 187 6 55 45 14 128 7 113 8 312 9 53 132 78 159 114 150 347 10 17 594 59 11 12 124 62 157 119 83 245 145 195 442 129 86 242 104 121 193 170 305 548 13 15 16 18 227 20 355 253 72 47 100 19 93 200 292 21 239 70 57 780 284 22 33 233 235 23 165 222 377 24 438 25 147 51 197 248 173 394 223 316 258 26 342 84 27 149 199 28 192 322 29 35 30 99 46 156 183 31 32 268 416 34 48 74 117 61 107 349 144 279 160 501 136 311 174 37 210 39 168 155 40 41 42 44 49 291 611 169 140 184 50 63 116 135 127 153 188 52 267 54 56 58 152 60 234 172 177 275 293 240 368 64 220 80 341 271 201 358 65 405 361 365 66 68 203 205 211 412 216 540 533 69 154 71 297 616 73 141 206 180 528 493 75 373 420 76 106 319 285 595 77 494 384 189 151 79 221 243 288 81 280 272 318 289 590 85 125 264 87 526 351 462 88 246 207 450 428 89 249 395 423 90 638 92 96 163 256 161 176 228 186 425 396 94 115 143 426 265 95 307 97 98 354 101 142 466 102 589 103 105 308 202 212 411 333 214 485 108 419 109 773 181 375 110 459 219 659 300 648 327 111 301 437 779 304 334 112 515 241 313 263 273 298 118 317 120 122 484 387 331 524 123 226 775 126 185 175 139 320 269 218 191 474 254 321 337 380 408 468 281 371 270 477 454 369 677 629 417 530 833 130 315 498 330 294 360 131 133 445 715 549 134 631 137 435 379 146 325 309 612 340 385 461 718 138 217 415 401 480 252 244 277 266 491 290 278 398 302 447 434 448 637 148 303 418 166 350 378 431 455 597 366 486 799 766 592 665 158 482 382 690 600 402 651 414 471 162 473 352 403 164 390 167 178 171 470 508 179 364 196 260 356 406 487 452 367 557 439 182 541 346 329 770 392 357 553 444 481 603 519 190 198 328 231 353 372 255 476 404 561 436 523 674 678 547 532 662 915 194 224 296 232 795 391 545 383 539 560 393 250 688 274 262 506 744 562 469 602 632 388 640 409 460 579 299 433 407 348 397 422 276 370 610 645 536 725 572 713 973 464 529 505 647 475 465 457 535 920 335 544 786 624 566 679 794 511 820 635 389 764 740 512 822 641 204 537 209 500 550 421 676 586 671 581 639 208 495 213 441 513 215 374 686 556 451 721 570 667 499 871 546 727 225 343 429 710 538 427 701 229 386 776 762 363 587 520 413 410 626 708 543 850 630 680 230 376 458 577 542 869 656 829 237 591 657 607 238 362 345 625 504 247 490 510 682 514 621 563 516 720 751 801 251 575 323 287 567 588 257 599 568 683 344 763 736 737 517 488 559 551 785 623 834 704 895 928 864 259 381 443 552 879 670 400 453 580 757 953 583 986 813 489 609 598 472 999 605 696 898 856 525 584 483 478 726 620 730 628 585 884 655 724 654 596 664 684 758 666 261 502 522 650 855 984 606 968 658 839 282 861 295 449 314 424 673 793 497 873 951 858 796 503 719 432 601 853 989 622 712 534 558 734 735 697 963 440 649 923 753 761 699 733 937 652 979 778 732 851 772 782 901 283 569 960 578 359 634 702 615 903 681 827 661 814 905 286 703 875 446 582 888 784 811 554 885 804 806 831 939 310 338 496 754 564 467 527 653 669 604 857 479 954 705 643 880 707 672 593 783 798 817 741 711 866 808 824 675 860 774 904 716 747 929 706 900 899 907 927 891 324 731 845 456 574 430 883 613 531 743 571 882 463 492 788 760 576 633 717 687 668 728 565 987 807 698 685 660 768 769 752 832 847 689 838 759 819 790 700 940 767 910 931 840 805 924 810 825 874 870 892 326 846 339 919 872 614 507 887 809 911 936 618 518 722 617 663 619 952 555 693 521 738 916 777 745 797 750 981 709 644 756 854 723 812 975 941 852 969 913 886 958 803 974 816 961 950 993 988 867 978 934 889 967 938 332 787 509 792 608 694 837 956 922 627 800 876 789 842 982 823 771 844 942 902 336 636 749 959 573 742 695 970 646 729 894 748 765 692 863 878 849 947 948 746 821 868 877 925 896 815 843 836 908 909 791 755 862 841 935 933 848 971 1000 865 906 912 980 945 818 977 985 893 943 962 972 921 926 996 997 399 714 691 739 949 826 802 992 859 830 897 946 966 932 890 976 994 918 917 995 930 998 642 781 828 991 914 965 835 944 881 964 955 990 983 957
