1000
97 73 65 66 50 65 6 90 43 46 78 92 34 4 16 81 65 14 44 32 92 65 19 70 43 91 24 98 34 59 52 95 5 65 38 63 4 31 46 35 65 61 75 3 36 8 89 19 94 16 4 13 96 94 94 68 9 73 6 80 5 11 48 87 82 1 41 93 80 43 98 98 51 81 85 87 25 41 65 30 63 64 90 10 9 47 21 53 62 86 53 99 42 43 40 46 75 74 42 65 47 17 28 8 41 83 95 30 97 59 78 16 32 11 54 10 96 29 77 16 97 56 47 41 24 55 38 86 79 81 71 53 85 70 81 4 76 81 7 61 11 92 27 74 76 83 5 90 1 75 76 38 26 80 15 18 26 29 92 91 25 9 40 2 33 78 37 93 43 30 38 47 62 91 12 27 59 83 67 28 61 35 28 84 30 15 99 68 46 57 97 25 18 70 99 93 23 64 98 67 98 77 44 54 4 13 93 72 100 98 47 26 5 92 25 82 70 58 72 73 50 6 84 59 18 19 82 10 96 14 86 28 80 77 86 81 6 26 8 73 8 13 10 2 1 36 86 66 89 55 76 41 68 97 21 56 1 23 44 92 65 24 68 100 43 14 82 73 98 94 96 88 9 56 59 26 50 96 24 77 65 24 37 47 24 38 34 88 71 56 22 74 65 40 42 38 86 89 88 51 87 27 79 32 36 90 74 70 90 49 47 78 20 20 28 8 54 92 41 46 92 68 5 34 82 67 40 58 24 47 38 57 51 24 74 76 90 81 16 60 19 58 54 20 30 48 82 2 68 57 50 6 40 64 14 72 38 59 70 63 34 4 42 29 95 32 99 70 83 72 33 35 87 60 66 13 75 85 61 69 65 97 53 33 71 51 53 23 9 50 90 8 80 2 12 43 45 31 46 83 12 74 89 86 62 15 8 87 98 60 86 26 71 37 70 23 32 43 61 12 9 27 68 89 69 60 84 41 20 97 63 31 71 53 50 44 4 7 30 82 58 55 82 27 79 6 27 27 65 9 67 49 19 74 44 4 56 81 86 62 88 97 78 7 38 70 40 76 67 20 23 25 63 33 93 66 4 90 99 15 48 95 23 68 11 76 14 80 60 56 94 85 56 24 40 88 40 59 58 86 94 97 20 47 61 55 70 92 44 92 16 94 82 30 54 50 39 71 35 88 38 49 65 17 95 6 63 64 86 49 48 38 12 72 89 67 26 36 92 28 48 65 75 85 26 5 3 1 80 86 83 83 64 89 23 9 82 47 65 10 48 84 55 90 87 5 67 45 19 83 45 93 3 74 49 64 70 83 98 54 58 98 63 35 56 91 52 31 86 70 64 41 9 1 38 72 89 99 24 15 98 98 30 70 93 74 48 42 36 65 5 49 100 75 56 37 7 97 54 16 85 34 91 95 77 92 25 31 35 92 67 6 25 25 68 91 77 27 38 97 81 59 77 87 88 35 69 56 46 85 68 42 69 15 77 66 52 13 48 99 6 49 15 86 60 80 95 29 47 9 9 7 63 15 94 68 37 11 74 86 87 94 18 86 50 42 60 34 81 49 7 68 98 99 31 9 84 48 54 35 2 46 96 5 49 66 2 68 17 86 56 68 55 42 52 26 76 72 43 51 6 38 40 42 99 61 44 21 3 54 98 20 15 78 33 5 62 92 26 70 68 95 51 1 95 21 49 5 9 49 4 25 69 32 40 16 96 98 24 35 37 83 28 97 6 37 9 42 58 26 38 16 90 74 54 54 69 60 44 92 6 95 6 87 65 18 47 25 14 15 25 37 62 31 4 89 37 54 10 52 33 89 26 19 39 68 13 5 35 76 59 57 47 18 39 19 88 84 84 95 12 91 8 34 26 74 42 46 64 7 90 24 23 18 90 19 17 32 100 4 82 78 82 96 88 34 70 36 47 30 72 44 49 44 66 42 60 66 81 41 76 13 76 55 62 22 21 47 51 36 38 55 30 93 19 34 71 17 31 42 92 6 45 60 20 42 36 46 75 93 63 48 86 82 66 60 12 81 17 46 54 80 13 96 41 30 93 61 7 5 27 37 77 78 45 30 66 80 37 43 10 85 74 15 77 76 47 72 12 42 11 15 82 48 56 100 9 60 48 32 44 78 7 12 8 78 89 85 45 19 91 75 84 59 13 86 6 77 42 71 89 34 90 74 85 17 34 20 74 75 30 73 34 38 25 35 60 65 19 51 27 86 12 55 21 54 60 95 55 1 8 85 58 9 42 52 61 100 6 66
1 2 49
1 3 94
2 4 56
2 5 70
2 6 41
6 7 42
3 8 55
2 9 23
4 10 17
9 11 90
5 12 60
2 13 65
12 14 79
3 15 89
7 16 38
11 17 83
15 18 29
1 19 95
1 20 80
11 21 34
10 22 38
12 23 26
19 24 94
9 25 77
15 26 28
7 27 57
9 28 6
2 29 88
16 30 57
7 31 81
7 32 20
17 33 66
5 34 5
3 35 85
7 36 42
3 37 23
20 38 43
18 39 56
36 40 35
19 41 52
19 42 71
19 43 85
5 44 52
15 45 4
26 46 6
25 47 95
8 48 73
19 49 91
15 50 91
43 51 46
36 52 2
3 53 73
39 54 37
10 55 92
12 56 85
36 57 96
42 58 54
27 59 79
43 60 90
30 61 30
29 62 69
9 63 12
11 64 35
35 65 15
38 66 88
56 67 59
15 68 100
47 69 44
5 70 22
22 71 86
4 72 94
34 73 24
54 74 10
16 75 28
46 76 82
49 77 1
22 78 84
16 79 75
55 80 75
52 81 51
43 82 19
4 83 96
59 84 76
72 85 98
84 86 4
72 87 98
70 88 2
15 89 91
61 90 56
18 91 65
80 92 51
33 93 74
17 94 19
55 95 72
34 96 72
83 97 100
66 98 1
1 99 35
84 100 17
72 101 1
50 102 55
93 103 54
76 104 20
96 105 71
20 106 38
8 107 24
91 108 39
62 109 27
1 110 70
40 111 27
50 112 39
51 113 52
110 114 75
66 115 53
44 116 72
41 117 78
81 118 65
71 119 100
101 120 41
90 121 78
47 122 66
62 123 31
75 124 69
82 125 56
84 126 93
66 127 50
79 128 22
74 129 88
107 130 76
129 131 42
36 132 22
55 133 85
21 134 71
12 135 67
67 136 77
12 137 63
79 138 4
57 139 47
60 140 21
7 141 90
39 142 46
132 143 80
35 144 21
143 145 44
118 146 37
33 147 91
17 148 1
125 149 15
41 150 96
69 151 3
63 152 48
60 153 26
52 154 64
53 155 38
149 156 53
31 157 24
17 158 25
88 159 9
97 160 88
92 161 36
46 162 91
94 163 71
70 164 64
47 165 24
43 166 99
22 167 87
8 168 97
118 169 76
65 170 97
14 171 27
15 172 21
131 173 23
96 174 47
119 175 92
158 176 56
133 177 30
91 178 65
156 179 93
18 180 67
148 181 99
157 182 82
150 183 58
88 184 25
33 185 22
73 186 90
14 187 49
168 188 69
154 189 26
43 190 46
110 191 72
85 192 89
120 193 63
174 194 78
17 195 14
49 196 33
90 197 56
181 198 84
181 199 13
106 200 41
129 201 9
92 202 100
4 203 53
22 204 77
169 205 23
83 206 1
73 207 47
47 208 10
88 209 19
17 210 72
197 211 61
103 212 68
103 213 96
1 214 42
34 215 65
11 216 82
147 217 89
154 218 78
182 219 40
111 220 77
207 221 52
40 222 33
28 223 43
127 224 88
110 225 19
205 226 32
206 227 48
119 228 51
149 229 68
171 230 48
42 231 14
207 232 80
63 233 8
24 234 51
58 235 56
124 236 68
236 237 17
54 238 79
220 239 79
12 240 6
144 241 64
27 242 25
83 243 23
198 244 23
4 245 97
104 246 52
7 247 58
207 248 72
83 249 74
151 250 16
213 251 29
103 252 38
59 253 70
63 254 60
216 255 8
55 256 24
57 257 91
55 258 80
172 259 87
258 260 14
205 261 31
40 262 32
37 263 35
171 264 65
120 265 71
247 266 62
136 267 86
113 268 58
12 269 98
228 270 64
237 271 98
253 272 11
207 273 80
200 274 76
215 275 43
64 276 78
64 277 11
100 278 79
270 279 7
164 280 16
180 281 81
100 282 87
49 283 30
130 284 74
79 285 14
37 286 97
147 287 69
105 288 81
203 289 47
122 290 21
173 291 6
221 292 41
95 293 57
262 294 46
248 295 60
112 296 24
206 297 54
186 298 22
288 299 41
56 300 29
168 301 99
63 302 29
142 303 65
85 304 72
291 305 87
184 306 59
137 307 8
189 308 34
99 309 92
173 310 24
255 311 18
105 312 78
69 313 82
229 314 45
169 315 7
127 316 6
183 317 42
266 318 48
163 319 50
90 320 69
152 321 67
124 322 76
158 323 75
214 324 87
79 325 47
275 326 65
44 327 99
42 328 91
217 329 54
18 330 23
115 331 30
249 332 50
330 333 72
93 334 42
79 335 61
267 336 60
107 337 70
337 338 1
104 339 21
53 340 48
189 341 13
340 342 11
109 343 84
205 344 75
79 345 34
249 346 89
113 347 81
166 348 24
156 349 99
254 350 74
249 351 30
79 352 81
13 353 73
43 354 67
87 355 79
114 356 42
172 357 66
30 358 28
208 359 10
43 360 70
150 361 71
289 362 56
26 363 62
361 364 44
206 365 46
125 366 67
221 367 2
172 368 23
161 369 83
70 370 58
31 371 96
121 372 100
364 373 15
62 374 27
111 375 33
85 376 30
97 377 15
311 378 22
260 379 34
302 380 88
66 381 87
75 382 97
68 383 97
193 384 87
43 385 51
260 386 77
143 387 8
375 388 4
305 389 4
177 390 10
234 391 76
136 392 54
96 393 22
10 394 36
317 395 86
218 396 22
43 397 33
278 398 75
124 399 95
232 400 12
294 401 93
290 402 11
121 403 60
193 404 26
88 405 96
96 406 99
171 407 64
247 408 99
53 409 56
22 410 21
397 411 66
196 412 68
246 413 16
37 414 31
326 415 85
26 416 30
333 417 98
246 418 32
401 419 30
218 420 2
243 421 72
408 422 58
94 423 56
345 424 35
99 425 40
51 426 9
294 427 9
407 428 8
37 429 79
262 430 53
18 431 39
325 432 60
100 433 36
23 434 30
348 435 10
364 436 22
319 437 88
287 438 66
246 439 10
432 440 16
275 441 10
325 442 92
3 443 25
291 444 85
100 445 30
225 446 42
283 447 31
309 448 65
386 449 33
201 450 1
44 451 60
256 452 54
389 453 93
228 454 35
421 455 10
88 456 68
71 457 85
281 458 52
390 459 65
149 460 11
148 461 75
239 462 74
57 463 57
273 464 27
357 465 57
247 466 77
129 467 59
394 468 86
278 469 55
388 470 53
437 471 75
279 472 24
298 473 94
192 474 4
220 475 71
406 476 50
9 477 24
392 478 45
104 479 90
232 480 67
373 481 73
480 482 1
461 483 33
327 484 23
158 485 65
278 486 57
341 487 43
94 488 49
127 489 44
249 490 3
301 491 47
386 492 97
424 493 27
490 494 92
318 495 27
254 496 4
145 497 90
206 498 16
488 499 66
177 500 13
343 501 68
448 502 16
214 503 30
281 504 23
342 505 85
268 506 56
317 507 67
104 508 23
445 509 32
261 510 93
318 511 75
421 512 50
254 513 68
127 514 43
77 515 23
101 516 7
270 517 70
337 518 20
249 519 9
443 520 15
6 521 91
74 522 27
342 523 7
131 524 36
350 525 10
240 526 26
394 527 25
511 528 50
187 529 57
351 530 82
368 531 87
7 532 35
117 533 94
334 534 83
110 535 36
397 536 35
100 537 56
305 538 24
395 539 12
42 540 25
289 541 89
463 542 13
500 543 31
125 544 83
413 545 92
237 546 25
393 547 97
86 548 98
94 549 80
77 550 54
493 551 74
270 552 96
429 553 79
312 554 93
205 555 49
226 556 19
47 557 18
232 558 85
187 559 66
461 560 80
483 561 17
433 562 67
541 563 66
23 564 47
272 565 46
205 566 50
171 567 64
74 568 44
424 569 94
75 570 4
185 571 26
232 572 97
133 573 91
266 574 27
27 575 69
361 576 33
394 577 58
423 578 6
227 579 26
417 580 20
209 581 63
287 582 85
71 583 75
106 584 24
537 585 5
61 586 62
169 587 88
10 588 45
224 589 84
267 590 59
541 591 64
531 592 98
401 593 14
215 594 57
424 595 72
84 596 56
359 597 88
570 598 87
407 599 86
285 600 36
352 601 84
273 602 40
42 603 4
143 604 54
543 605 34
216 606 82
289 607 79
145 608 38
270 609 52
487 610 79
94 611 100
258 612 12
277 613 16
489 614 81
611 615 26
478 616 100
384 617 14
374 618 73
25 619 19
141 620 67
389 621 85
272 622 42
410 623 25
95 624 18
178 625 9
64 626 48
358 627 94
263 628 70
473 629 58
400 630 9
24 631 84
118 632 24
181 633 69
573 634 22
86 635 98
160 636 7
340 637 19
352 638 1
126 639 70
354 640 17
274 641 30
90 642 86
189 643 63
155 644 43
429 645 37
137 646 52
219 647 47
107 648 12
129 649 8
98 650 54
302 651 76
302 652 71
579 653 95
623 654 92
224 655 8
601 656 97
191 657 98
289 658 63
99 659 6
247 660 87
48 661 64
211 662 55
566 663 81
273 664 54
103 665 27
41 666 9
561 667 99
252 668 14
383 669 65
519 670 14
379 671 33
202 672 76
498 673 45
509 674 2
126 675 9
169 676 11
303 677 12
213 678 62
134 679 27
208 680 43
344 681 29
195 682 77
448 683 50
228 684 5
629 685 44
296 686 32
304 687 50
326 688 61
54 689 44
499 690 4
279 691 28
254 692 18
592 693 93
143 694 88
125 695 50
672 696 37
555 697 37
580 698 68
114 699 4
337 700 50
383 701 16
439 702 22
182 703 45
153 704 48
224 705 51
163 706 43
376 707 16
127 708 20
64 709 65
611 710 79
362 711 47
594 712 36
492 713 35
432 714 82
375 715 96
349 716 43
317 717 89
197 718 45
327 719 47
236 720 2
49 721 40
313 722 88
594 723 38
290 724 95
484 725 43
123 726 41
422 727 6
653 728 43
124 729 28
394 730 79
721 731 3
74 732 92
184 733 64
55 734 43
153 735 49
335 736 93
395 737 83
443 738 92
629 739 61
594 740 66
1 741 7
169 742 98
719 743 71
721 744 88
444 745 44
611 746 74
646 747 66
557 748 42
60 749 88
245 750 99
243 751 83
730 752 68
46 753 27
424 754 12
470 755 75
483 756 94
544 757 34
730 758 13
529 759 45
467 760 60
755 761 69
724 762 26
448 763 95
571 764 65
223 765 79
65 766 88
635 767 60
62 768 60
118 769 60
455 770 89
243 771 95
677 772 6
77 773 37
443 774 14
445 775 37
168 776 73
688 777 88
331 778 93
646 779 16
62 780 97
509 781 15
58 782 46
1 783 33
694 784 88
176 785 22
756 786 26
764 787 87
603 788 68
678 789 53
225 790 53
417 791 59
787 792 72
533 793 52
157 794 20
295 795 16
91 796 15
523 797 86
708 798 100
35 799 54
242 800 20
649 801 35
718 802 67
288 803 23
99 804 68
230 805 88
209 806 12
378 807 84
128 808 84
584 809 25
585 810 92
208 811 20
639 812 64
691 813 6
308 814 75
162 815 71
541 816 3
319 817 78
598 818 20
483 819 67
506 820 70
769 821 23
552 822 8
561 823 95
305 824 51
15 825 60
170 826 62
302 827 19
349 828 59
693 829 60
780 830 100
1 831 54
472 832 84
368 833 38
346 834 98
811 835 96
648 836 6
724 837 73
630 838 30
765 839 18
833 840 34
325 841 26
116 842 32
13 843 90
39 844 93
351 845 52
480 846 84
166 847 72
40 848 73
371 849 31
675 850 5
370 851 72
540 852 28
708 853 95
304 854 8
542 855 25
513 856 8
396 857 57
567 858 76
602 859 53
798 860 90
796 861 35
472 862 94
399 863 92
592 864 99
858 865 45
121 866 93
422 867 73
454 868 82
295 869 100
108 870 73
780 871 38
311 872 8
294 873 27
658 874 64
441 875 19
511 876 22
402 877 96
9 878 51
223 879 79
469 880 86
762 881 87
249 882 48
477 883 95
464 884 44
364 885 39
61 886 69
495 887 57
484 888 88
556 889 46
247 890 7
256 891 17
404 892 58
321 893 67
619 894 78
614 895 33
174 896 100
52 897 38
561 898 100
441 899 88
795 900 58
403 901 80
597 902 5
224 903 41
181 904 65
416 905 52
288 906 61
426 907 48
660 908 22
539 909 66
327 910 36
832 911 36
138 912 2
365 913 96
854 914 65
439 915 42
727 916 47
365 917 71
374 918 86
164 919 73
761 920 71
418 921 60
99 922 84
583 923 2
272 924 65
368 925 87
794 926 61
724 927 55
925 928 43
206 929 26
309 930 2
642 931 48
615 932 33
907 933 23
389 934 75
408 935 98
559 936 28
153 937 54
206 938 57
167 939 70
718 940 70
730 941 15
26 942 45
631 943 37
56 944 63
812 945 12
455 946 17
860 947 7
575 948 31
757 949 78
648 950 71
518 951 37
217 952 70
369 953 17
860 954 26
354 955 88
146 956 31
756 957 17
789 958 36
204 959 63
17 960 69
193 961 84
577 962 47
165 963 63
146 964 45
240 965 13
803 966 17
242 967 95
246 968 75
508 969 12
307 970 9
69 971 8
865 972 26
955 973 85
539 974 9
502 975 78
669 976 94
161 977 84
114 978 79
471 979 77
828 980 20
536 981 41
449 982 62
183 983 26
31 984 5
559 985 94
261 986 66
974 987 40
264 988 70
318 989 22
448 990 22
348 991 36
850 992 74
231 993 68
352 994 1
528 995 86
97 996 93
129 997 64
539 998 78
489 999 25
196 1000 41
