49
94
105
119
90
132
149
72
122
162
179
114
258
183
170
245
212
95
80
196
160
205
189
149
211
189
78
137
227
213
152
311
124
179
174
117
123
268
209
147
166
180
171
187
217
244
222
186
274
226
176
167
305
214
264
270
220
268
270
257
206
84
197
194
211
323
283
288
141
246
199
148
315
198
299
187
244
245
289
227
199
201
344
297
348
297
143
274
313
277
340
385
264
286
196
301
212
35
361
200
329
439
319
267
118
173
316
233
70
236
313
278
145
264
243
225
292
346
241
391
310
237
267
255
437
261
267
403
249
445
196
299
267
246
400
242
249
317
291
222
314
276
200
320
329
402
246
270
243
291
132
296
240
205
323
237
270
152
389
376
308
335
205
268
279
247
246
368
291
285
204
468
243
438
326
329
342
416
279
345
319
301
168
333
238
307
315
266
226
142
386
304
321
259
219
369
429
358
159
412
440
158
237
391
202
195
254
162
317
430
507
535
42
189
244
491
318
359
313
247
242
121
349
89
423
250
397
338
333
180
275
92
240
276
335
352
384
392
185
264
214
224
452
202
371
190
267
275
307
564
477
338
144
252
238
361
294
291
308
422
241
152
350
312
252
486
336
277
461
450
349
275
235
232
275
208
440
468
221
360
448
216
323
259
214
471
348
205
331
474
288
343
287
327
337
256
260
389
293
345
113
379
369
561
227
250
300
127
492
270
345
370
383
375
267
343
300
385
382
199
343
345
129
292
297
270
257
545
235
294
325
307
427
306
546
243
244
340
215
279
226
317
466
279
364
359
303
422
218
305
326
187
247
376
187
270
255
264
250
314
261
273
358
248
322
249
227
459
199
309
491
373
233
269
327
316
292
342
201
298
295
380
391
231
385
284
273
565
339
316
454
218
158
429
340
213
515
362
287
380
342
451
330
239
295
349
289
223
181
279
287
387
148
382
241
405
403
410
320
296
347
320
314
75
235
296
357
196
294
251
352
397
235
313
380
473
537
381
368
242
384
119
559
391
131
247
192
418
413
231
292
658
432
306
211
331
412
404
281
321
466
327
302
327
267
462
244
495
326
548
492
354
390
384
345
96
499
409
342
446
343
354
293
335
497
322
313
305
278
392
482
341
370
327
148
410
218
379
342
385
208
72
383
311
392
410
342
423
515
375
346
212
304
210
207
531
263
284
134
181
342
233
481
228
211
183
425
364
387
314
167
319
510
106
248
417
585
441
191
294
340
373
338
479
377
315
446
344
241
415
557
275
438
440
442
262
360
373
401
371
464
360
252
395
441
349
359
408
202
359
372
390
279
258
347
216
326
276
425
225
556
321
142
422
319
456
167
433
545
358
412
394
246
386
400
352
289
435
295
410
315
170
330
407
326
284
358
513
401
364
306
224
386
390
599
405
306
168
289
650
391
206
304
351
245
349
222
412
296
273
316
414
412
446
396
234
327
507
264
265
399
329
248
233
294
406
185
411
266
189
184
371
298
357
507
240
268
41
277
286
485
522
329
466
156
470
491
445
298
375
516
263
425
446
379
391
597
294
297
495
336
242
402
456
369
419
358
349
383
496
162
505
364
305
553
477
493
149
293
396
403
364
344
400
378
343
281
262
443
308
282
517
434
365
465
432
414
317
337
226
458
284
426
336
278
353
414
295
237
229
407
232
257
345
399
512
211
473
312
7
466
388
314
603
438
360
304
358
301
307
305
244
326
401
448
372
250
409
522
470
452
287
424
200
282
506
266
352
395
319
397
224
133
428
319
446
387
310
303
438
266
33
452
348
474
511
238
650
142
464
583
371
257
343
292
319
381
233
234
446
481
371
103
421
174
376
351
167
514
274
571
502
375
379
297
463
309
421
462
375
565
466
612
243
353
132
481
565
403
54
576
265
462
370
191
499
326
218
299
318
275
204
361
357
426
351
282
340
451
271
219
376
377
365
220
397
425
368
471
327
586
454
511
470
484
420
514
427
389
341
278
314
332
261
397
438
123
200
581
539
323
191
346
397
326
384
381
488
197
255
388
266
246
419
343
214
471
330
401
531
357
390
410
293
409
283
299
507
306
612
251
344
442
423
400
319
319
278
541
463
119
323
414
314
318
481
357
228
129
447
423
306
640
387
401
350
259
317
484
252
256
310
327
583
323
478
289
450
256
300
561
476
497
335
360
465
686
300
314
388
263
331
374
198
388
309
446
354
259
296
496
420
450
286
539
460
224
625
501
289
480
327
218
467
488
490
420
322
214
339
525
248
327
511
394
467
519
330
260
800
