100
92 68 39 5 12 68 2 63 67 9 97 99 65 47 21 10 19 35 94 28 95 64 55 70 42 55 69 36 74 77 56 28 82 47 95 4 51 9 13 45 20 76 71 66 65 69 89 24 26 95 63 93 5 99 88 52 30 48 74 80 84 78 98 97 29 66 45 36 22 29 62 5 47 76 74 87 34 61 93 37 31 4 38 46 44 28 71 54 51 82 75 39 1 68 96 67 41 57 75 17
1 2 68
2 3 64
2 4 95
3 5 63
5 6 27
6 7 96
5 8 72
6 9 38
4 10 24
6 11 22
1 12 94
12 13 63
7 14 27
10 15 91
13 16 39
13 17 40
17 18 26
5 19 89
13 20 82
11 21 13
4 22 91
12 23 22
15 24 65
15 25 71
20 26 70
25 27 77
24 28 78
13 29 34
9 30 66
1 31 30
15 32 97
22 33 100
12 34 82
23 35 82
24 36 59
34 37 9
12 38 70
28 39 24
22 40 75
30 41 41
2 42 30
38 43 97
31 44 89
44 45 4
17 46 4
28 47 10
8 48 68
8 49 58
43 50 87
44 51 47
41 52 40
51 53 49
34 54 90
3 55 61
36 56 75
36 57 100
32 58 43
26 59 77
4 60 52
35 61 25
47 62 84
44 63 36
16 64 77
34 65 37
41 66 12
54 67 92
7 68 85
10 69 43
37 70 92
14 71 18
34 72 73
47 73 47
9 74 97
66 75 9
31 76 9
35 77 71
29 78 11
20 79 97
13 80 32
61 81 2
3 82 73
58 83 47
1 84 78
76 85 86
29 86 9
75 87 59
54 88 43
65 89 62
60 90 65
5 91 57
90 92 79
23 93 34
58 94 28
22 95 45
38 96 46
40 97 4
12 98 58
18 99 76
25 100 23
