44592
44584
44579
44570
44569
44545
44459
44453
44450
44454
44458
44448
44442
44513
44492
44479
44472
44463
44456
44453
44434
44433
44428
44424
44421
44486
44476
44465
44456
44449
44436
44429
44416
44408
44394
44388
44384
44363
44358
44361
44352
44336
44331
44314
44311
44310
44301
44277
44273
44271
61715
61709
61701
61693
61691
61687
61686
61677
61675
61366
61369
61369
61363
61354
61348
61340
61337
61327
61530
61514
61512
61507
61517
61467
61463
61496
61488
61483
61459
61456
61453
61450
61447
61469
61461
61454
61444
61429
61428
61427
61412
61411
61401
61397
61381
61378
61384
61374
61380
61375
61362
61337
61336
61332
61325
61276
61270
61260
61253
61257
61251
61248
61245
61235
60906
60908
60902
60898
60895
60875
60873
60870
60860
60861
60861
60851
60848
60841
60925
60936
60926
60922
60908
60897
60890
60879
60872
60833
60824
60816
60810
60807
60799
60779
60782
60775
60737
60745
60737
60729
60729
60727
60720
60719
60748
60735
60728
60719
60716
60713
60713
60706
60668
60693
60671
60670
60663
60658
60694
60686
60678
60675
60666
60662
60653
60650
60636
60628
60623
60691
60689
60674
60671
60605
60597
60644
60613
60611
60609
60591
60589
60582
60581
60755
60758
60743
60736
60731
60864
60854
60847
60839
60833
60831
60821
60710
60704
60695
60689
60683
60652
60646
60649
60644
60647
60643
60641
60631
60568
60560
60555
60553
60547
60559
60558
60549
60543
60556
60549
60545
60537
60533
60509
60503
60515
60497
60495
60491
60208
60205
60165
60153
60151
60157
60149
60145
60144
60148
60140
60123
60119
60115
60277
60267
60238
60234
60221
60214
60213
60210
60204
60162
60159
60154
60156
60146
60146
60131
60117
60114
60110
60115
60106
60099
60092
60061
60060
60065
60055
60049
60044
60054
60042
60034
60040
60034
60032
60026
60032
60022
60014
59862
59860
59865
59859
59851
59845
59836
59830
59838
59838
59837
59832
59831
59824
59811
59809
59800
59778
59776
59784
59777
59773
59770
59763
59762
59757
59755
59738
59742
59737
59735
57665
57662
57656
57648
57644
57638
57616
57615
57606
57603
57598
57592
57586
57495
57492
57522
57512
57528
57510
57507
57498
57492
57480
57474
57472
57516
57506
57492
57475
57474
57466
57464
57485
57475
57466
57461
57461
57455
57458
57450
57446
57394
57389
57380
57400
57396
57385
57376
57374
57402
57399
57394
57393
57389
57379
57369
57354
57353
57344
57354
57350
57349
57336
57329
57395
57394
57391
57389
57576
57575
57550
57549
57548
57545
57539
57533
57519
57517
57503
57495
57493
57485
57479
57471
57464
57469
57460
57390
57388
57420
57419
57410
57408
57396
57394
57387
57380
57375
57350
57351
57348
57346
57344
57341
57332
57394
57383
57374
57274
57265
57278
57270
57252
57250
57240
57266
57248
57247
57244
57242
57232
57232
57224
57255
57248
57239
57211
57216
57209
57203
57198
57197
57188
57167
57165
57161
57160
57150
57148
57127
57118
57109
57105
57102
57100
57109
57139
57131
57118
57115
57107
57102
57096
57086
57073
57066
57064
57052
57044
57572
57442
57434
57432
57424
57417
57409
57407
57407
57401
57450
57446
57443
57437
57435
57409
57403
57397
57392
57391
57416
57411
57407
57406
57396
57391
57384
57383
57384
57379
57372
57367
57368
57361
57313
57312
57311
57301
57309
57301
57291
57287
57273
57271
57296
57307
57297
57295
57286
57250
57242
57236
57259
57253
57245
57236
57234
57230
57226
57019
57016
57013
57030
57014
57012
57009
57028
57018
57022
57021
57015
57005
57000
56997
56991
57005
56995
56989
56983
57005
56998
56985
56982
56981
56960
56954
56951
56930
56924
56919
56915
56911
56954
56905
56895
56886
56877
56873
56868
56901
56886
56883
56868
56863
56856
56847
56830
56833
56826
56820
56465
56450
56445
56438
56446
56453
56444
56434
56424
56420
56558
56556
56554
56544
56528
56526
56520
56516
56502
56500
56502
56498
56517
56514
56509
56499
56493
56494
56492
56489
56486
56473
56468
56457
56453
56450
56457
56446
56439
56430
56409
56396
56395
56389
56385
56420
56411
56402
56400
56390
56391
56388
56383
56378
56376
56370
56359
56358
56345
56340
56340
56334
56370
56362
56357
56348
56343
56346
56326
56317
56307
56304
56301
56296
56295
55124
55121
55132
55120
55112
55172
55162
55167
55159
55156
55149
55139
55120
55117
55109
55126
55121
55112
55105
55087
55072
55067
55062
55055
55234
55226
55256
55251
55229
55239
55232
55223
55219
55161
55165
55158
55155
55168
55161
55160
55147
55140
55138
55135
55112
55102
55025
55018
55013
55028
55027
55027
55018
55009
55004
55002
54997
54995
54985
55896
55903
55899
55865
55860
55866
55864
55854
55854
55844
55824
55818
55814
55789
55782
55776
55772
55755
55757
55751
55587
55577
55573
55559
55555
55549
55546
55539
55538
55559
55555
55549
55546
55539
55532
55590
55528
55562
55533
55530
55536
55526
55518
55514
55515
55510
55589
55587
55579
55578
55516
55514
55507
55510
55509
55504
55506
55498
55366
55363
55358
55350
55345
55344
55417
55409
55382
55375
55373
55363
55362
55364
55360
55359
55357
55346
55336
55330
55342
55335
55313
55308
55305
55304
55295
55295
55289
55273
55273
55265
55261
55260
55243
55224
55216
55213
55204
55178
55187
55179
55172
55171
55168
55165
55156
55389
55404
55395
55382
55381
55379
55376
55385
55375
55358
55355
55346
55340
55332
55339
55329
55323
55224
55230
55207
55203
55208
55201
55200
55166
55181
55173
55150
55149
55146
55180
55166
55156
55150
55141
55127
55139
55130
55121
55116
55025
55007
54995
54993
54997
54991
54988
54982
55001
55036
55026
55010
55006
55002
54994
54992
54987
54978
54971
55134
55136
55130
55122
55124
55132
55122
55118
55042
55033
55024
55008
55007
54997
54995
54993
55023
55012
55006
54996
54988
54931
54934
54920
54916
54910
54902
54895
54889
54887
54862
54861
54854
54845
54829
54829
54827
54823
54827
54817
54812
54807
54798
54797
54802
54795
54789
54789
54772
54771
54271
54262
54250
54245
54241
54180
54188
54178
54210
54209
54198
54193
54185
54173
54171
54168
54161
54153
54150
54141
54135
54125
54123
54082
54081
54078
54069
54067
54057
54058
54051
54035
54033
54058
54058
54048
54047
54041
54034
54025
54017
54015
53997
53988
53985
54107
53798
53789
53868
53864
53839
53832
53823
53820
53819
53823
53813
53781
53773
53769
53765
53767
53759
53747
53739
53718
53715
53700
53699
53705
53697
53693
53732
53729
53733
53720
53717
53682
53669
53668
53667
53658
53647
53640
53661
53653
53653
53645
53647
53640
53633
53641
53637
53627
53589
53581
53578
53569
53561
53553
53553
53547
53606
53605
53549
53519
53531
53530
53532
53524
53514
53507
53500
53498
53495
53571
53565
53536
53535
53529
53518
53523
53511
53509
53495
53493
53489
53485
53481
53439
53435
53429
53417
53413
53418
53411
53420
53418
53399
53400
53397
53389
53383
53265
53260
53255
53246
53239
53207
53209
53205
53199
53189
53185
53181
53178
53185
53176
53142
53140
53063
53062
53137
53118
53112
53107
53110
53103
53099
53097
53093
53089
53083
53034
53061
53053
53038
53036
53029
53014
53004
53002
52998
52996
53017
53019
53010
53003
52998
52990
52989
52974
52969
52962
52959
52958
52955
52955
52951
52973
52971
52944
52942
52941
52951
52941
52935
52927
52921
50437
50434
50447
50438
50430
50426
50404
50394
50398
50390
50385
50384
50381
50391
50378
50377
50369
50364
50339
50334
50329
50333
50325
50342
50319
50321
50313
50310
50309
50477
50471
50451
50447
50438
50431
50444
50434
50428
50413
50410
50355
50354
50362
50356
50359
50350
50362
50357
50352
50355
50348
50338
50319
50314
50318
50308
50312
50302
50387
50350
50351
50349
50347
50328
50324
50320
50333
50325
50311
50305
50313
50305
50281
50282
50275
50259
50258
50249
50239
50109
50178
50179
50172
50124
50128
50122
50117
50104
50096
50093
50092
50089
50087
50092
50085
50077
50047
50050
50043
50032
50029
50023
50017
50012
50005
49249
49250
49244
49236
49228
49222
49213
49205
49204
49203
49199
48577
48570
48560
48556
48286
48278
48272
48278
48271
48266
48369
48366
48322
48352
48347
48356
48350
48344
48334
48332
48333
48332
48326
48310
48305
48296
48307
48286
48273
48272
48263
48253
48251
48246
48234
48226
48219
48210
48263
48269
48261
48268
48266
48258
48231
48208
48205
48204
48203
48183
48180
48173
48165
48163
48159
48219
48209
48186
48177
48149
48148
48147
48142
48133
48129
48027
48017
48020
48016
48011
48009
48038
48008
48006
48011
48005
48003
48032
48025
48022
48017
48006
47997
47996
47956
47953
47945
47932
47937
47930
47939
47930
47924
47910
47908
47842
47857
47844
47843
47834
47848
47825
47822
47818
47823
47814
47809
47820
47726
47730
47720
47715
47710
47733
47726
47717
47712
47710
47699
47692
47687
47678
47670
47645
47642
47632
47628
47620
47638
47634
47619
47618
47614
47642
47599
47605
47603
47598
47595
47594
47579
47575
47567
47562
47546
47546
47544
47475
47471
47445
47449
47443
47428
47425
47418
47415
47457
47451
47454
47445
47442
47439
47489
47439
47433
47431
47435
47427
47408
47409
47407
47399
47418
47416
47410
47404
47394
47379
47369
47374
47367
47365
47368
47359
47356
47351
48981
48979
48977
48964
48977
48968
48961
48983
48958
48953
48947
48943
48937
48939
48931
48925
48910
48907
48799
48802
48786
48784
48795
48787
48778
48769
48707
48695
48687
48703
48691
48687
48679
48683
48677
48669
48669
48664
48656
48653
48671
48666
48662
48654
48688
48685
48678
48664
48661
48657
48622
48614
48620
48611
48604
48597
48596
48587
48575
48575
48569
48557
48547
48539
47813
47794
47793
47791
47785
48158
47951
47950
47961
48036
48026
48016
47982
47986
47980
47976
47941
47934
47936
47934
47928
47922
47881
47875
47855
47856
47851
47844
47841
47853
47846
47843
47821
47822
47819
47813
47811
47806
47801
47797
47784
47769
47764
47757
47731
47729
47727
47736
47730
47724
47728
47723
47714
47709
47719
47708
47699
47689
47679
47635
47633
47621
47613
47613
47612
47610
47600
47598
47596
47586
47578
47576
47585
47577
47581
47572
47563
47564
47561
47557
47549
47539
47530
47527
47518
47549
47526
47520
47516
47513
47504
47500
47498
47487
47480
47474
47220
47331
47324
47289
47304
47303
47296
47289
47290
47283
47276
47295
47286
47285
47289
47281
47274
47264
47260
47268
47264
47209
47217
47216
47207
47205
47204
47205
47207
47187
47182
47177
47163
47158
47153
47150
47115
47110
47107
47100
47091
47087
47078
47071
47063
47065
47055
47061
47047
47052
47043
47022
47021
47023
47015
47022
47015
47018
47011
47027
47020
47018
47015
47010
47005
46916
46915
46896
46895
46839
46835
46824
46815
46796
46795
46790
46787
46790
46792
46785
46775
46808
46797
46787
46781
46803
46795
46794
46787
46780
46773
46749
46739
46736
46733
46725
46723
46709
46711
46710
46703
46511
46552
46548
46538
46555
46545
46535
46505
46496
46493
46484
46479
46475
46492
46489
46483
46480
46461
46456
46453
46448
46447
46446
46443
46435
46421
46417
46408
46405
46401
46413
46396
46395
46385
46377
46373
46357
46360
46350
46348
46343
46282
46274
46272
46269
46262
46262
46258
46257
46253
46198
46195
46128
46120
46111
46102
46094
46106
46102
46096
46090
46103
46098
46083
46078
46188
46190
46182
46176
46172
46145
46137
46130
46099
46104
46095
46089
46083
46082
46065
46068
46061
46275
46257
46261
46251
46238
46235
46168
46138
46121
46128
46126
46118
46109
46096
46092
46091
46028
46026
46037
46030
46022
46010
46006
46008
45998
45996
45990
45971
45952
45954
45944
45935
45919
45917
45926
45915
45916
45911
45909
45899
45861
45854
45849
45789
45786
45794
45787
45786
45784
45782
45772
45766
45756
45750
45765
45759
45749
45742
45782
45755
45753
45746
45744
45737
45735
45727
45733
45729
45725
45719
45703
45708
45701
45691
45700
45700
45692
45691
45654
45669
45653
45651
44984
44976
44967
44963
44961
44978
44977
44966
44957
44956
44955
44664
44659
44649
44650
44646
44636
44629
44621
44889
44883
44768
44758
44748
44656
44673
44655
44653
44682
44686
44682
44676
44672
44650
44648
44645
44618
44619
44612
44611
44619
44615
44605
44601
44591
44546
44548
44544
44536
44531
44524
44516
44511
44510
44497
44492
44427
44433
44425
44400
44396
44386
44420
44419
44410
44389
44384
44380
44375
44281
44279
44287
44286
44276
44275
44298
44291
44287
44280
44270
44269
44267
44263
44834
44839
44832
44831
44732
44733
44730
44742
44734
44724
44748
44747
44745
44743
44735
44720
44729
44722
44720
44712
44703
44700
44581
44569
44565
44564
44568
44543
44535
44536
44529
44536
44542
44534
44516
44514
44512
44510
44493
44487
44479
44469
44438
44432
44426
44423
44422
44409
44406
44405
44400
44392
44390
44400
44399
44396
44320
44310
44300
44369
44353
44343
44339
44332
44275
44271
44305
44297
44293
44289
44265
44258
44253
44259
44250
44241
44204
44195
44205
44193
44193
44187
44180
42742
42757
42753
42743
42734
42817
42811
42798
42791
42774
42773
42731
42743
42739
42731
42723
45619
45609
45607
45605
45602
45604
45598
45596
45631
45627
45617
45601
45599
45595
45589
44699
44692
44689
44686
44682
44711
44710
44700
44690
44677
44668
44655
44650
44628
44645
44635
44618
44614
44608
44393
44387
44376
44369
44378
44376
44366
44359
44343
44339
44327
44322
44304
44300
44309
44304
44297
44450
44445
44440
44434
44431
44429
44425
44382
44421
44403
44401
44375
44374
44365
44361
44355
44350
44343
44350
44343
44333
44316
44313
44297
44305
44297
44294
44293
44287
44283
44266
44265
44275
44269
44244
44235
44227
44211
44211
44209
44176
44173
44167
44161
44180
44171
44166
44160
44166
44159
44154
44050
44047
44044
44035
44032
44023
44035
44020
44019
44011
44162
44155
44147
44137
44134
44120
44115
44127
44118
44109
44046
44039
44036
44031
44014
44011
44009
43999
43933
43927
43924
43921
43918
43916
43909
43896
43893
43900
43887
43889
43885
43886
43879
43856
43849
43858
43850
43845
43837
43980
43988
43978
43917
43910
43913
43906
43896
43888
43903
43895
43885
43861
43854
43868
43850
43848
43843
43799
43801
43818
43801
43798
43789
43947
43930
43927
43927
43919
43920
43917
43929
43922
43916
43922
43912
43914
43906
43900
43904
43886
43884
43880
43892
43880
43874
43870
43858
43856
43852
43843
43839
43785
43776
43769
43764
43760
43760
43756
43747
43743
43739
43673
43668
43590
43607
43597
43662
43653
43648
43605
43603
43599
43596
43590
43588
43572
43571
43567
43559
43558
43581
43598
43590
43581
43571
43556
43551
43543
43530
43526
43517
43512
43503
43503
43501
42708
42698
42694
42693
42691
42685
42656
42650
42647
42637
42592
42591
42603
42595
42585
42583
42585
42577
42586
42579
42568
42565
42040
42037
42025
42023
42029
42028
42024
42023
42010
42003
41999
41991
41984
41981
42104
42101
42119
42110
42095
42094
42086
42057
42062
42053
42077
42076
42073
42067
42053
42047
42054
42045
42038
42034
42032
42017
42014
42014
42010
42004
41992
41985
41980
41975
41963
41955
41948
42624
42617
42616
42597
42596
42594
42578
42569
42564
42576
42583
42581
42578
42577
42568
42564
42556
42560
42554
42563
42560
42555
42550
42335
42328
42325
42274
42269
42281
42276
42267
42257
42267
42262
42260
42253
42252
42247
42249
42241
42238
42452
42326
42323
42319
42316
42314
42278
42273
42254
42253
42275
42220
42217
42213
42211
42223
42212
42205
42246
42238
42221
42214
42212
42202
42201
42190
42187
42182
42168
42166
42149
42146
42330
42325
42261
42257
42253
42238
42237
42232
42213
42210
42203
42181
42179
42192
42178
42170
42166
42160
42155
42149
42139
42077
42072
42075
42070
42069
42067
42060
42059
42061
42053
42055
42063
42058
42053
42043
42037
42029
42017
42008
42002
41999
41993
41987
41888
41884
41874
41886
41878
41873
41863
41856
41850
41874
41858
41848
41852
41846
41838
41836
41832
41852
41848
41837
41836
41833
41817
41812
41811
41805
33258
33255
33254
33279
33272
33269
33288
33271
33270
33261
33266
33259
33253
33249
33242
33182
33177
33176
33169
33162
33167
33158
33177
33171
33161
33154
33289
33295
33285
33258
33256
33250
33217
33211
33209
33211
33205
32879
32877
32874
32865
32864
32857
32849
32210
32196
32189
32185
32182
32171
32168
32161
32166
32156
32152
32129
32146
32139
32138
32131
32124
32110
32104
32107
32105
32103
32093
32091
32086
32049
32041
32055
32051
32035
32033
32033
32027
32257
32249
32230
32227
32217
32216
32209
32146
32140
32140
32097
32096
32093
32093
32089
32083
32076
32068
32068
32060
32083
32046
32041
32036
32042
32040
32028
32020
31990
31991
31982
31981
31959
31962
31957
31940
31942
31935
31925
31953
31959
31949
31947
31937
31929
31919
31921
31909
31907
31895
31891
31888
31883
31906
31916
31898
31891
31886
31877
31876
31875
31866
31863
31876
31865
31859
31849
31880
31866
31847
31846
31844
31843
31949
31941
31935
31936
31929
31920
31915
31917
31921
31912
31911
31912
31905
31855
31851
31841
31839
31797
31811
31803
31799
31789
31784
31783
31769
31763
31730
31723
31726
31717
31717
31715
31745
31717
31714
31710
31705
31961
31956
31962
31911
31896
31895
31910
31909
31890
31896
31888
31886
31880
31879
31878
31899
31906
31893
31888
31885
31874
31869
31862
31857
31870
31856
31854
31859
31853
31846
31850
31844
31836
31827
31769
31748
31754
31746
31769
31758
31755
31754
31745
31740
31739
31730
31729
31726
31719
31699
31692
31689
31525
31515
31517
31511
31506
31516
31508
31507
31493
31491
31536
31534
31506
31504
31492
31482
31472
31466
31464
31462
31455
31459
31455
31449
31356
31346
31343
31335
31328
31325
31318
31355
31353
31350
31320
31319
31319
31317
31310
31305
31620
31613
31610
31610
31604
31597
31588
31580
31570
31573
31568
31569
31563
31559
31627
31617
31619
31614
31570
31562
31554
31551
31541
31535
31525
31520
31504
31503
31496
31488
31475
31474
31464
31315
31310
31314
31305
31304
31302
31283
31264
31263
31262
31400
31391
31381
31364
31351
31358
31349
31480
31475
31364
31353
31358
31349
31344
31347
31340
31313
31341
31336
31328
31314
31307
31301
31292
31321
31320
31313
31293
31291
31286
31277
31301
31300
31277
31276
31275
31268
31288
31286
31250
31248
31263
31260
31245
31244
31239
31226
31223
31213
31248
31230
31223
31214
31208
30677
30543
30612
30603
30599
30593
30592
30554
30559
30540
30539
30565
30548
30538
30533
30529
30527
30521
30520
30502
30493
30486
30478
30468
30463
30457
30452
30443
30401
30402
30384
30378
30368
30359
30373
30356
30353
30573
30569
30573
30569
30561
30555
30533
30540
30531
30524
30511
30506
30503
30481
30479
30485
30480
30477
30467
30528
30519
30511
30452
30444
30452
30450
30444
30453
30424
30438
30426
30412
30408
30401
30403
30399
30356
30356
30352
30304
30301
30300
30292
30299
30290
30289
30295
30287
30344
30351
30342
30333
30327
30329
30311
30309
30294
30280
30290
30281
30274
30170
30162
30146
30138
30142
30134
30135
30126
30125
30111
30107
30175
30170
30166
30161
30157
30152
30130
30126
30132
30124
30124
30122
30096
30094
30092
29045
28974
28971
28962
28957
28953
28951
28938
28933
28931
28929
28931
28925
28800
28782
28780
28761
28760
28759
28745
28739
28797
28792
28784
28732
28729
28742
28739
28734
28703
28701
28695
28694
28687
28705
28697
28712
28706
28702
28687
28678
28671
28661
28657
28749
28748
28807
28800
28775
28765
28755
28771
28769
28752
28753
28744
28737
28607
28637
28629
28625
28622
28625
28616
28608
28598
28589
28542
28538
28533
28543
28550
28547
28533
28526
28520
28519
28518
28517
28463
28457
28447
28440
28434
28432
28421
28418
28417
28412
28380
28527
28524
28521
28514
28504
28498
28459
28449
28443
28436
28438
28430
28425
28418
28444
28424
28415
28414
28426
28404
28395
28391
28384
28376
28376
28366
28363
28361
28359
28350
28775
28769
28767
28787
28708
28705
28701
28699
28710
28706
28696
28702
28696
28687
28657
28647
28638
28629
28628
28619
28614
28602
28595
28587
28577
28561
28556
28547
28541
28538
28533
28535
28527
28499
28554
28552
28535
28525
28518
28513
28512
28443
28442
28441
28488
28485
28480
28492
28491
28488
28482
28464
28462
28447
28439
28432
28429
28427
28345
28332
28328
28327
28323
28295
28292
28289
28283
28299
28350
28339
28336
28338
28332
28327
28296
28293
28294
28287
28278
28273
28290
28289
28277
28269
28265
28212
28207
28199
28171
28157
28154
28144
28146
28139
28126
28118
28109
28097
28089
28094
28093
28093
28085
27726
27720
27715
27706
27695
27688
27679
27670
27732
27605
27596
27587
27598
27591
27584
27617
27603
27598
27596
27586
27605
27590
27589
27582
27571
27562
27598
27605
27598
27591
27577
27573
27566
27559
27553
27625
27619
27617
27630
27621
27614
27619
27617
27609
27605
27621
27616
27627
27594
27596
27592
27591
27584
27575
27530
27535
27536
27527
27521
27509
27505
27503
27508
27503
27498
27491
28775
28766
28765
28721
28720
28725
28720
28719
28729
28709
28708
28722
28710
28702
28692
28687
28679
28701
28676
28667
28664
28657
28653
28639
28637
28636
28629
28603
28598
28582
28580
28571
28577
28560
28559
28557
28328
28334
28325
28315
28312
28317
28314
28314
28304
28330
28336
28319
28318
28312
28305
28297
28258
28257
28250
28252
28228
28223
28222
28220
28213
28210
27987
27980
28011
27999
27997
27987
27930
27925
27924
27923
27880
27876
27877
27860
27866
27856
27853
27873
27857
27853
27852
27843
27833
28018
28017
27883
27881
27863
27855
27857
27853
27908
27907
27897
27869
27863
27858
27853
27838
27834
27824
27817
27816
27807
27793
27787
27783
27767
27760
27753
27727
27722
27705
27708
27708
27702
27697
27774
27761
27766
27761
27749
27741
27730
27734
27726
27719
27700
27689
27681
27673
27668
27665
27633
27625
27615
27608
27592
27591
27590
27570
27569
27551
27547
27545
27520
27511
27513
27505
27634
27627
27618
27497
27487
27480
27447
27444
27443
27436
27458
27450
27433
27432
27437
27428
27426
27432
27439
27430
27433
27426
27417
27411
27405
27411
27403
27393
27389
27390
27381
27374
27373
27435
27432
27426
27390
27371
27369
27363
27361
27349
27345
27318
27319
27324
27315
27310
27309
27455
27460
27457
27452
27363
27359
27400
27393
27452
27442
27383
27380
27367
27366
27365
27352
27351
27350
27371
27366
27354
27348
27352
27344
27342
27342
27311
27306
27312
27302
27281
27279
27278
27276
27262
27260
27272
27271
27261
27261
27254
27252
27239
27234
27224
27271
27272
27273
27265
27257
27251
27181
27178
27161
27156
27149
27204
27190
27195
27186
27170
27168
27158
27151
27144
27139
27119
27117
27104
27099
26785
26779
26777
26766
26758
26753
26740
26733
26727
26721
26946
26937
26937
26929
26919
26911
26906
26874
26867
26885
26884
26873
26866
26857
26815
26813
26803
26805
26798
26797
26761
26753
26743
26735
26733
26725
26748
26728
26723
26721
26695
26709
26707
26699
26693
26685
26489
26483
26494
26492
26488
26487
26478
26628
26621
26614
26611
26591
26593
26580
26579
26597
26591
26587
26571
26569
26567
26577
26567
26561
26559
26555
26536
26535
26533
26529
26526
26454
26452
26451
26462
26460
26452
26456
26450
26445
23934
23919
23910
23907
23896
23891
23913
23908
23904
23886
23884
23879
23860
23856
23849
23864
23856
23850
23852
23844
24719
24718
24711
24710
24712
24709
24701
24686
24682
24674
24682
24669
24662
24656
24653
24618
24611
24610
24617
24608
24598
24590
24591
24583
24575
24576
24570
24566
24357
24341
24336
24330
24382
24373
24347
24356
24352
24349
24343
24267
24271
24269
24266
24263
24274
24267
24262
24255
24248
24243
24252
24244
24240
24238
24249
24230
24229
24226
24225
24208
24189
24192
24183
24180
24212
24206
24200
24191
24184
24174
24172
24170
24304
24290
24286
24280
24253
24261
24257
24259
24254
24248
24226
24219
24219
24213
24203
23814
23805
23800
23780
23775
23789
23783
23783
23773
23765
23765
23760
23752
23744
23735
23768
23761
23743
23745
23741
23733
23714
23711
23706
23705
23701
23706
23708
23698
23689
23682
23677
23589
23586
23593
23595
23589
23587
23581
23571
23585
23574
23573
23589
23585
23578
23569
23563
23522
23517
23513
23503
23506
23501
23493
23535
23528
23517
23516
23507
23501
23492
23502
23500
23499
23492
23487
23492
23484
23478
23469
23462
23467
23456
23453
23500
23492
23482
23478
23473
23469
23487
23437
23451
23448
23441
23433
23427
23595
23593
23615
23598
23590
23585
23607
23588
23584
23580
23575
23509
23508
23502
23500
23495
23493
23489
23488
23460
23461
23454
23448
23455
23446
23445
23434
23435
23430
23429
23426
23423
23413
23405
23419
23422
23415
23405
23391
23387
23347
23343
23341
23340
23337
23425
23426
23423
23427
23417
23392
23391
23390
23372
23365
23363
23361
23359
23354
23339
23329
23314
23311
23302
23297
23302
23299
23291
23526
23474
23466
23473
23469
23465
23462
23454
23446
23328
23335
23333
23337
23329
23332
23323
23318
23315
23307
23320
23295
23300
23293
23292
23262
23258
23266
23256
23167
23168
23161
23149
23141
23144
23154
23151
23142
23151
23144
23135
23130
23111
23093
23087
23087
23083
23084
23081
23032
23065
23056
23057
23050
23044
23040
22997
23027
23021
22993
22984
22983
22978
22976
23015
22972
22943
22956
22946
22940
22957
22952
22927
22924
22922
22916
22926
22924
22918
22929
22924
22915
22917
22905
22903
22881
22872
22866
22867
22850
22841
22837
22831
22864
22845
22851
22843
22839
22823
22824
22815
22587
22569
22550
22545
22545
22537
22536
22528
22518
22457
22445
22443
22436
22433
22434
22427
22414
22408
22406
22405
22398
22404
22407
22400
22395
22388
22386
22385
22382
22351
22334
22333
22355
22353
22349
22347
22339
22324
22316
22309
22290
22283
22282
22277
21781
21780
21676
21670
21660
21729
21715
21713
21674
21674
21662
21656
21662
21658
21650
21680
21676
21672
21673
21666
21646
21652
21642
21929
21927
21881
21877
21840
21850
21841
21837
21793
21802
21795
21787
21764
21759
21755
21747
21725
21725
21717
21710
21707
21733
21715
21708
21703
21703
21695
21614
21699
21695
21687
21684
21683
21679
21671
21627
21629
21619
21636
21626
21609
21601
21599
21592
21589
21369
21364
21357
21417
21414
21408
21448
21444
21425
21426
21423
21404
21398
21386
21382
21379
21370
21360
21358
21352
21351
21348
21347
21343
21337
21334
21333
22543
22542
22533
22532
22525
22524
22493
22476
22467
22466
22460
22458
22454
22386
22382
22388
22386
22412
22404
22394
22384
22376
22374
22425
22415
22407
22416
22411
22415
22407
22395
22387
22393
22383
22371
22369
22368
22368
22358
22141
22141
22135
22122
22117
22089
22087
22092
22085
22085
22075
22035
22034
22027
22025
22024
22015
22034
22029
22018
22026
22018
22011
22002
21989
21982
21967
21966
21947
21920
21936
21922
21914
21912
21919
21908
21907
21919
21918
21910
21901
21897
21887
21874
21859
21854
21847
21837
21844
21835
21827
21821
21776
21772
21762
21784
21778
21764
21758
21750
21774
21782
21772
21755
21754
21756
21745
21742
21752
21751
21767
21760
21754
21754
21746
21745
21733
21735
21727
21718
21710
21694
21682
21678
21676
21670
21322
21314
21305
21297
21291
21315
21303
21295
21262
21259
21244
21243
21235
21199
21210
21211
21202
21195
21193
21439
21455
21448
21445
21441
21419
21415
21411
21371
21371
21365
21361
21356
21351
21262
21315
21308
21311
21302
21294
21284
21264
21256
21252
21246
21250
21242
21229
21220
21218
21214
21283
21275
21272
21271
21270
21263
21257
21255
21254
21251
21241
21246
21232
21229
21222
21212
21208
21192
21159
21156
21151
21172
21160
21146
21138
21136
21131
21142
21136
21127
21124
21086
21080
21072
21067
21061
21058
21055
21075
21061
21059
21055
21049
21035
21029
21019
21010
21005
27422
27422
27414
27408
27400
27404
27398
27364
27354
27352
27330
27325
27326
27318
27316
27312
27310
27304
27315
27327
27321
27316
27315
27310
27290
27287
27286
27275
27266
26740
26737
26730
27121
27106
27101
27023
27013
27011
27019
26984
26989
26982
26979
26969
26956
26955
26798
26796
26796
26786
26786
26786
26780
26892
26876
26872
26871
26871
26865
26851
26816
26833
26815
26813
26811
26808
26801
26807
26800
26791
26772
26767
26765
26759
26751
26758
26763
26756
26746
26741
26740
26733
26723
26722
26731
26729
26719
26711
26705
26679
26673
26672
26669
26663
26652
26648
26642
26639
26635
26627
26643
26637
26624
26625
26622
26644
26634
26616
26618
26608
26598
26594
26888
26870
26862
26869
26861
26853
26832
26831
26814
26813
26784
26793
26786
26781
26802
26792
26784
26781
26780
26775
26541
26542
26539
26531
26524
26527
26519
26515
26514
26651
26642
26632
26629
26626
26623
26617
26627
26619
26613
26605
26600
26599
26529
26532
26523
26513
26505
26549
26543
26507
26506
26501
26496
26499
26493
26487
26480
25199
25444
25421
25415
25358
25355
25366
25357
25351
25344
25342
25337
25334
25289
25287
25294
25286
25284
25258
25246
25241
25237
25196
25190
25180
25170
25179
25170
25167
25169
25159
25149
25139
25133
25131
25153
25143
25123
25121
25114
25111
25103
25093
25086
24983
24981
24986
24983
24975
24972
24952
24970
24945
24960
24950
24942
24919
24910
24902
24898
24892
24818
24885
24877
24828
24821
24814
24836
24828
24817
24804
24802
24796
24788
24782
24778
24779
24776
24953
24945
24941
24938
24919
24918
24911
24912
24903
24814
24813
24812
24805
24804
24802
24798
24797
24797
24795
24748
24747
24728
24727
24740
24737
24730
24723
24758
24756
24753
24733
24733
24729
24719
24711
24743
24742
24741
24709
24716
24709
24707
24701
24695
24691
24654
24651
24637
24640
24635
24626
24617
24617
24612
24611
24608
24611
24609
24593
24599
24587
24581
24567
24560
24557
24550
24547
24555
24551
24541
24537
24532
24695
24692
24691
24643
24638
24593
24586
24577
24576
24569
24582
24574
24566
24578
24577
24574
24566
24556
24501
24501
24497
24504
24499
24490
24486
24480
24483
24476
24457
24456
24457
24448
24321
24312
24311
24310
24331
24329
24300
24295
24300
24291
24289
24311
24284
24281
24269
24259
24243
24242
24241
24238
24331
24323
24316
24313
24308
24295
24287
24277
24270
24263
24287
24286
24274
24270
24268
24269
24260
24228
24218
24220
24207
24203
24193
24192
24188
24168
24163
24164
24156
24148
24123
24126
24124
24120
24314
24311
24307
24306
24297
24287
23423
23400
23397
23402
23393
23388
23381
23373
23365
23355
23349
23354
23342
23340
23339
23332
23346
23336
23326
23322
23308
23302
23295
23290
23019
23017
23015
23022
22991
22992
22992
22988
22989
22980
22957
22960
22954
22947
22945
23291
23286
23283
23279
23275
22937
22933
22932
22944
22946
22940
22935
22931
22926
22922
22911
22896
22896
22892
22887
22848
22841
22838
22838
22836
22833
23175
23170
23163
23124
23134
23127
23129
23119
23109
23082
23079
23078
23052
23058
23049
23046
23060
23054
23040
23036
23007
22998
23022
23026
23017
23010
22954
22950
22971
22964
22962
22946
22944
22938
22927
22926
22838
22896
22892
22879
22872
22865
22858
22839
22846
22837
22834
22827
22835
22833
22834
22829
22822
22812
22806
22804
22800
22782
22781
22773
22791
22783
22773
22765
23112
23103
23006
23001
22988
22983
22988
22979
22966
22959
23004
23003
22986
22981
22973
22957
22953
22943
22938
22933
22926
22901
22896
22885
22876
22875
22873
22863
23030
23025
23026
23021
23009
23007
23005
23001
22963
22958
22980
22974
22969
22957
22953
22936
22931
22923
22913
22873
22867
22859
22857
22849
22847
22843
22836
22833
22825
22815
22736
22729
22748
22736
22728
22718
22714
22711
22717
22711
22700
22695
23138
23135
23132
23087
23079
23083
23075
23072
23070
23069
23071
23067
23009
23002
22971
22989
22977
22971
22968
22966
22964
22961
22957
22933
22913
22910
22903
22899
22889
22887
22882
22873
22855
22853
22850
22840
22928
22901
22900
22892
22884
22870
22868
22860
22854
22838
22834
22828
22872
22867
22862
22857
22846
22843
22815
22811
22826
22818
22808
22805
22798
22763
22770
22768
22760
22752
22744
22515
22558
22555
22547
22541
22567
22564
22522
22516
22512
22511
22510
22515
22508
22501
22508
22506
22513
22504
22496
22534
22509
22505
22504
22491
22484
22464
22458
22449
22426
22424
22422
22408
22404
22597
22590
22595
22584
22575
22574
22458
22440
22434
22428
22435
22432
22427
22423
22414
22410
22400
22396
22404
22405
22400
22385
22384
22375
22366
22368
22360
22356
22346
22356
22342
22340
22043
22035
22025
22019
22010
22004
22000
21981
21974
21970
21986
21988
21987
21980
21972
21966
21958
21953
21952
22037
22013
22020
22013
21987
21988
21983
21947
21948
21946
21938
21946
21936
21926
21909
21908
21907
21899
21898
21892
21735
21728
21725
21722
21714
21713
21761
21757
21750
21762
21762
21756
21751
21729
21728
21721
21716
21710
21700
21741
21732
21700
21694
21693
21690
21675
21672
21670
21660
21420
21293
21305
21296
21290
21283
21280
21278
21282
21273
21281
21275
21273
21283
21275
21267
21260
21267
21258
21293
21290
21289
21298
21290
21283
21281
21268
21266
21264
21261
21252
21245
21247
21241
21239
21249
21262
21255
21246
21242
21234
21195
21185
21154
21151
21151
21145
21140
21134
21126
21129
21124
21108
21105
21100
21092
21083
21080
21031
21036
21029
21027
21022
21020
20687
20686
20676
20672
20677
20670
20673
20663
20661
20660
20725
20717
20714
20687
20682
20679
20670
20669
20716
20645
20636
20632
20637
20630
20663
20654
20647
20642
20627
20624
20669
20664
20654
20582
20577
20573
20590
20584
20574
20559
20558
20561
20544
20537
20534
20522
20497
20499
20495
20502
20495
20492
20449
20443
20440
20435
20426
20424
20423
20420
21983
21993
21984
21974
21951
21945
21935
21927
21922
21948
21941
21934
21927
21922
21914
21927
21917
21908
21902
21876
21870
21868
21876
21905
21900
21891
21890
21876
21870
21857
21852
21849
21846
21854
21852
21861
21845
21841
21840
21831
21827
21829
21821
21815
21810
20550
20549
20546
20541
20535
20511
20509
20511
20503
20495
21289
21276
21269
21209
21202
21194
21203
21200
21199
21205
21197
21222
21220
21219
21221
21211
21199
21186
21181
21176
21168
21158
21149
21157
21148
21146
20956
20953
20947
20953
20943
20941
20932
20927
20954
21048
21040
21030
21020
21013
21020
21014
21006
20990
20988
21029
20980
20985
20996
20979
20972
20969
20966
20956
20948
20925
20917
20907
20894
20893
20882
20875
20869
20867
20843
20835
20830
20826
20820
20817
20804
20810
20802
20694
20684
20681
20682
20673
20672
20665
20658
20691
20689
20687
20678
20654
20651
20646
20642
20632
20640
20630
20508
20502
20532
20522
20544
20516
20515
20514
20490
20493
20484
20463
20460
20459
20456
20451
20442
20432
20424
20409
20420
20408
20400
20455
20432
20431
20430
20426
20416
20439
20434
20431
20421
20414
20401
20400
20397
20388
20381
20380
20374
20362
20360
20986
20981
20977
20943
20940
20915
20908
20904
20902
20900
20897
20935
20931
20928
20921
20936
20921
20903
20898
20894
20891
20877
20873
20866
20438
20428
20430
20424
20432
20408
20402
20403
20390
20387
20378
20378
20370
20575
20568
20567
20563
20561
20552
20551
20546
20524
20515
20508
20511
20506
20510
20507
20503
20337
20334
20405
20400
20396
20404
20402
20401
20392
20334
20328
20323
20345
20348
20345
20338
20329
20326
20304
20299
20296
20337
20339
20333
20331
20312
20311
20316
20303
20296
20282
20281
20272
20180
20167
20162
20155
20153
20145
20141
20133
20127
20148
20138
20100
20109
20100
20091
20095
20085
20075
20076
20075
20068
20062
20058
20056
20047
19897
19895
19922
19913
19909
19903
19899
19895
19894
19847
19838
19831
19861
19851
19843
19906
19904
19902
19894
19881
19885
19876
19869
19867
19852
19845
19840
19831
19787
19800
19793
19785
19783
19772
19765
19759
19783
19774
19762
19758
19765
19754
19751
19750
19756
19740
19730
19724
19720
9198
9201
9188
9177
9174
9241
9153
9155
9145
9135
9143
9133
9131
9121
9111
9107
9103
9106
9107
9100
9091
9089
9065
9060
9059
9089
9085
9077
9087
9081
9071
9053
9046
9041
9033
9031
8979
8976
8948
8970
8964
8955
8947
8943
8941
8936
8927
9396
9361
9361
9345
9338
9337
9317
9325
9315
9308
9302
9294
9288
9148
9147
9144
9143
9146
9143
9140
9178
9173
9170
9118
9117
9116
9116
9112
9108
9100
9090
9094
9088
9014
9010
9010
9004
8998
8972
8969
8977
8967
8958
8973
8975
8965
8960
8963
8961
8951
8957
8952
8948
8951
8945
8915
8913
8907
8903
8895
8894
8906
8902
8874
8878
8872
8864
8811
8804
8801
8796
8791
8786
8796
8777
8774
8766
8753
8747
8739
8730
8723
8722
8710
8702
8755
8749
8744
8775
8765
8744
8741
8734
8729
8761
8752
8747
8717
8715
8712
8711
8707
8665
8660
8651
8641
8639
8635
8629
8627
8604
8602
8597
8588
8582
8901
8936
8922
8916
8897
8895
8889
8872
8869
8740
8874
8783
8776
8766
8763
8761
8747
8735
8731
8726
8724
8714
8711
8706
8695
8685
8679
8674
8666
8660
8665
8656
8651
8644
8712
8720
8714
8714
8704
8617
8618
8616
8614
8600
8592
8590
8594
8564
8563
8566
8560
8554
8555
8544
8538
8534
8427
8438
8428
8418
8400
8406
8396
8389
8379
8372
8363
8392
8382
8387
8371
8370
8363
8360
8358
8354
8341
8392
8383
8377
8375
8350
8343
8336
8333
8318
8317
8312
8278
8276
8275
8272
8271
8260
8242
8246
8240
8236
8224
8215
8210
8207
8193
8191
8145
8193
8191
8183
8180
8177
8171
8171
8169
8173
8163
8143
8133
8136
8131
8386
8384
8375
8370
8364
8354
8349
8355
8353
8361
8351
8348
8345
8329
8325
8300
8298
8294
8284
8260
8247
8246
8253
8244
8248
8241
8232
8250
8245
8237
8228
8219
8169
8167
8165
8148
8147
8142
8132
8124
8123
8119
8111
8108
8088
8085
8084
7914
7894
7889
7880
7878
7865
7860
7843
7842
7856
7849
7839
7825
7816
7807
7804
7794
7769
7768
7767
7813
7777
7771
7798
7793
7788
7781
7760
7759
7757
7752
7743
7741
7745
7743
7740
7731
7723
7713
7709
7701
7677
7664
7675
7664
7661
7647
7641
7631
7595
7593
7587
7582
7575
7571
7561
7534
7529
7519
7516
7511
7448
7447
7483
7475
7473
7469
7464
7455
7450
7445
7431
7427
7969
7958
7952
7950
7938
7934
7934
7926
7940
7957
7948
7934
7938
7930
7922
7926
7920
7911
7895
7893
7887
7885
7895
7894
7884
7877
7888
7881
7874
7873
7869
7866
7859
7863
7849
7847
7847
7837
7829
7651
7646
7651
7642
7635
7628
7626
7628
7618
7606
7598
7594
7584
7572
7564
7525
7520
7513
7503
7499
7492
7523
7502
7500
7494
7487
7394
7388
7383
7377
7372
7394
7370
7368
7367
7362
7357
7377
7371
7361
7353
7350
7351
7337
7335
7309
7304
7298
7289
7285
7275
7274
7265
7259
7255
7258
7248
7240
7213
7206
7209
7202
7199
7177
7167
7163
7159
6949
6997
6993
6991
6989
6979
6996
6998
6988
6985
6984
6980
6970
6964
6959
6949
6967
6965
6964
6959
6914
6928
6920
6915
6908
6899
6730
6729
6734
6729
6723
6713
6708
6703
6691
6688
6688
6686
6683
6676
6673
6663
6765
6759
6684
6688
6682
6674
6664
6663
6668
6659
6652
6651
6630
6621
6620
6619
6592
6574
6570
6565
6567
6559
6559
6555
6555
6547
6546
6563
6503
6501
6494
6490
6489
6495
6491
6483
10408
10400
10386
10379
10368
10364
10355
10348
10348
10340
10333
10334
10325
10375
10373
10393
10392
10362
10364
10356
10320
10320
10310
10308
10306
10289
10285
10282
10277
10274
10255
10254
10681
10679
10666
10657
10649
10667
10659
10646
10645
10598
10589
10593
10585
10589
10571
10570
10565
10369
10373
10365
10372
10364
10356
10381
10358
10376
10362
10347
10346
10359
10352
10343
10334
10322
10316
10323
10310
10289
10284
10283
10274
10265
10256
10222
10215
10298
10291
10285
10283
10247
10243
10236
10231
10224
10215
10205
10203
10196
10194
10188
8024
7987
7948
7961
7958
7951
7936
7927
7924
7879
7874
7880
7870
7864
7855
7845
7838
7829
7854
7845
7842
7833
7824
7816
7810
7805
7773
7770
7759
7751
7749
7745
7738
7741
7740
7735
7725
7611
7617
7616
7609
7599
7542
7561
7566
7557
7551
7542
7539
7535
7529
7526
7517
7534
7531
7526
7516
7506
7505
9813
9799
9797
9768
9765
9735
9721
9729
9721
9715
9734
9718
9709
9704
9713
9708
9707
9706
9699
9695
7545
7544
7560
7560
7556
7548
7541
7538
7547
7543
7534
7532
7530
7529
7524
7562
7510
7523
7515
7508
7500
7495
7492
7479
7477
7464
7457
7447
7383
7381
7388
7380
7375
7372
7380
7371
7366
7556
7536
7536
7526
7493
7483
7486
7481
7468
7468
7466
7463
7464
7460
7466
7456
7448
7397
7391
7416
7409
7392
7386
7379
7369
7363
7378
7407
7398
7390
7382
7368
7366
7343
7359
7350
7347
7346
7338
7331
7329
7321
7320
7313
7306
7409
7424
7420
7414
7406
7404
7418
7408
7400
7396
7394
7382
7369
7364
7301
7293
7284
7254
7252
7244
7259
7249
7241
7240
7241
7237
7234
7232
7224
7216
6784
6809
6806
6784
6780
6770
6766
6768
6770
6760
6750
6763
6753
6742
6736
6735
6734
6727
6749
6744
6736
6727
6746
6727
6723
6719
6489
6480
6492
6475
6474
6462
6457
6452
6444
6442
6438
6417
6412
6390
6383
6375
6373
6371
6365
6363
6393
6366
6376
6368
6365
6358
6348
6339
6397
6389
6388
6379
6364
6359
6351
6342
6341
6337
6340
6344
6336
6331
6324
6319
6300
6293
6287
6282
6281
6271
6270
6309
6298
6296
6286
6261
6266
6252
6246
6229
6220
6240
6234
6238
6232
6220
6214
6203
6200
6196
6190
6211
6208
6181
6178
6179
6177
6169
6166
7035
7064
7063
7056
7051
7042
7037
7028
6990
6978
6976
6976
6966
6962
6960
6945
6938
6936
6935
6932
6630
6627
6617
6589
6583
6591
6584
6577
6545
6544
6545
6542
6532
6537
6529
6526
6600
6587
6584
6477
6475
6474
6466
6463
6468
6463
6454
6486
6478
6467
6466
6454
6458
6452
6448
6438
6436
6427
6418
6408
6400
6372
6369
6368
6368
6360
6356
6352
6364
6360
6344
6338
6330
6324
6330
6320
6330
6326
6319
6314
6305
6296
6290
6271
6263
6260
6213
6205
6201
6192
6189
6180
6175
6172
6164
6148
6147
6140
6097
6092
6081
6080
6073
6070
6061
6062
6059
6081
6071
6063
6055
6238
6244
6234
6219
6218
6209
6206
6202
6194
6193
6173
6165
6157
6144
6143
6100
6116
6106
6102
6096
6099
6114
6099
6094
6091
6088
6054
6049
6042
6039
6038
6046
6036
6027
6054
6051
6033
6027
6018
6015
6067
6064
6043
6002
6005
5978
5973
5963
5960
5954
5951
5962
5958
5954
5947
5943
5998
5991
5985
5975
5965
5941
5939
5935
5916
5907
5900
5895
5542
5536
5543
5537
5543
5536
5531
5503
5501
5498
5490
5598
5595
5586
5507
5497
5489
5510
5493
5490
5476
5474
5495
5488
5487
5471
5469
5491
5461
5455
5461
5451
5442
5418
5416
5415
5626
5625
5623
5582
5581
5573
5567
5567
5563
5540
5535
5531
5523
5526
5521
5379
5394
5387
5382
5375
5446
5436
5432
5382
5391
5384
5376
5382
5372
5361
5356
5351
5345
4901
4894
4885
4877
4873
4890
4875
4870
4869
4865
4861
4860
4855
5118
5109
5104
5109
5102
5094
5088
5044
5043
5036
5031
5048
5043
5041
5031
5023
4908
4905
4906
4903
4909
4901
4887
4884
4877
4913
4884
4885
4875
4869
4868
4863
4852
4843
4846
4837
4828
4823
4816
4815
3694
3690
3671
3669
3663
3654
3646
3638
3636
3628
4114
4104
4126
4097
4102
4102
4094
4086
4083
4085
4075
4074
4056
4041
4039
4038
4052
4051
4047
4045
4043
4036
4035
4027
4033
4023
4024
4017
4012
4011
4008
3891
3887
3885
3879
3873
3892
3876
3884
3871
3864
3865
3860
3851
3850
3843
3840
3829
3828
3815
3808
3792
3788
3711
3726
3695
3700
3691
3686
3683
3690
3681
3690
3685
3678
3664
3662
3635
3634
3625
3620
3617
3630
3629
3626
3619
3615
3617
3613
3599
3595
3582
3575
3585
3578
3575
3572
3567
3560
3573
3563
3557
3565
3565
3561
3541
3545
3533
3529
3213
3207
3201
3197
3191
3189
3160
3158
3178
3169
3164
3156
3148
3144
3135
3129
3119
3182
3168
3162
3160
3157
3170
3160
3157
3169
3159
3156
3153
3148
3139
3121
3111
3103
3101
3096
3087
3068
3067
3079
3077
3073
3073
3064
3061
3060
3059
3034
3026
2948
3006
3002
2995
2986
2978
2971
2962
2952
2939
2938
2969
2954
2951
2935
2933
3115
3110
3100
3092
3105
3096
3085
3080
3079
3069
3065
3056
3052
3043
3039
3031
3042
3038
3028
3006
3001
3006
3000
2992
2989
2986
3018
2998
3005
2998
2985
2982
2976
2965
2961
2950
2941
2938
2934
2870
2870
2866
2859
2828
2871
2871
2861
2860
2855
2843
2835
2825
2819
2825
2822
2821
2810
2809
2790
2775
2768
2775
2768
2752
2748
2745
2717
2731
2725
2716
2709
2694
2689
2696
2689
2677
2667
2659
2720
2710
2705
2702
2695
2693
2687
2681
2673
2682
2677
2676
2673
2661
2653
2652
2666
2650
2646
2639
2395
2394
2380
2379
2386
2377
2374
2367
2358
2350
2346
2441
2435
2424
2415
2407
2403
2398
2439
2438
2427
2418
2374
2372
2362
2356
2353
2368
2334
2340
2331
2328
2322
2227
2241
2222
2221
2253
2235
2227
2261
2255
2245
2257
2250
2237
2232
2232
2226
2217
2207
2181
2178
2171
2167
2158
2161
2152
2138
2131
2128
2148
2106
2105
2103
2112
2109
2106
2093
2088
2082
2082
2077
2076
2102
2096
2088
2098
2090
2075
2077
2067
2058
1732
1729
1719
1714
1674
1675
1672
1658
1657
1654
2487
2478
2484
2476
2471
2459
2465
2455
2449
2440
2431
2425
2415
2527
2519
2517
2514
2511
2486
2477
2481
2475
2306
2302
2296
2287
2286
2260
2278
2274
2258
2252
2250
2246
2219
2209
2203
2199
2210
2203
2194
2179
2174
2173
2156
2146
2137
2130
2123
2119
1900
1899
1892
1888
1890
1880
1878
1876
1882
1868
1864
1901
1899
1855
1868
1853
1852
1853
1852
1846
1844
1838
1850
1844
1838
1834
1874
1843
1836
1849
1840
1829
1820
1848
1841
1831
1822
1815
1548
1510
1507
1511
1504
1500
1493
1492
1692
1702
1678
1672
1664
1662
1746
1737
1728
1584
1576
1599
1596
1602
1594
1582
1577
1573
1569
1559
1551
1548
1555
1551
1542
1546
1526
1528
1522
1518
1479
1475
1471
1469
1472
1463
1455
1321
1312
1304
1303
1302
1253
1264
1258
1260
1246
1240
1214
1219
1209
1208
1198
1194
1249
1237
1231
1233
1227
1197
1191
1180
1171
1167
1166
1163
1155
1201
1208
1201
1195
1172
1169
1162
1146
1142
1135
634
647
644
639
631
629
624
621
611
607
610
603
606
601
597
589
580
602
598
592
590
582
574
581
571
569
574
565
556
553
549
538
543
532
529
723
715
709
698
691
666
659
654
646
641
651
656
649
523
520
510
507
500
493
507
503
497
492
502
500
496
488
482
477
472
469
465
429
438
429
426
423
409
407
397
391
387
377
415
412
410
404
403
393
381
373
369
357
355
268
264
253
249
240
237
234
214
209
208
196
194
178
176
172
173
170
160
156
156
146
153
144
289
281
273
268
253
252
245
236
159
152
151
149
142
141
134
138
132
131
126
113
110
105
78
75
115
111
109
115
106
103
89
81
73
58
53
64
58
50
83
68
63
56
44
36
9
2
7
0
12683
12675
12665
12661
12655
12653
12646
12638
12622
12615
12612
12608
12601
12597
12592
12583
12576
12589
12557
12549
12557
12554
12546
12541
12360
12382
12371
12365
12355
12351
12354
12349
12348
12332
12328
12334
12324
12348
12343
12334
12328
12327
12318
12305
12300
12291
12290
12281
12281
12272
12266
12268
12260
12277
12277
12269
12260
12255
12222
12240
12230
12220
12214
12212
12204
12202
12193
12186
12178
12174
12166
12157
12107
12102
12101
12098
12095
12065
12060
12059
12050
12042
12032
12025
12015
12014
12063
12062
12053
12031
12021
12023
12020
12010
12005
12010
12005
11995
11993
11984
11973
11968
11967
11961
11959
10879
10876
10874
10868
10863
10837
10811
10813
10812
10805
10789
10785
10781
10777
10773
10808
10804
10798
10799
10774
10769
10772
10767
10767
10763
10754
10751
10377
10385
10375
10372
10359
10354
10351
10341
10333
10329
10312
10307
10311
10305
10031
10031
10023
10022
9997
10004
9996
9991
9981
9969
9972
9963
9959
9951
9947
9938
10028
10020
10017
10008
10001
10000
9998
9988
9987
9986
9982
9976
9986
9976
9972
9964
9954
9946
9938
9936
9933
9925
9915
9934
9936
9930
9925
9923
9921
9940
9929
9921
9913
9909
9903
9907
9901
9900
10038
10019
10014
10008
9999
9994
9987
9949
9948
9942
9940
9933
9937
9931
9899
9901
9895
9889
9881
9897
9892
9884
9884
9894
9868
9865
9864
9823
9817
9815
9805
9799
9789
9774
9769
9768
9764
9765
9762
9755
10085
10075
10070
10062
10052
10045
10042
10035
10028
10027
10060
10053
10032
10027
10026
10017
9983
9994
9991
9980
9977
9968
9959
9967
9952
9947
10103
10117
10108
10105
10098
10109
10099
10089
10098
10095
10087
10085
10095
10087
10081
10076
10067
10064
10061
10050
10049
10069
10040
10037
10032
10029
10055
10062
10060
10049
10047
10045
10043
10040
10036
10034
10025
9951
9941
9932
9924
9922
9917
9937
9930
9920
9914
9908
9898
9896
9883
9883
9881
9959
9949
9940
9939
9932
9931
9908
9901
9902
9899
9904
9897
9908
9890
9888
9881
9830
9823
9828
9814
9808
9833
9803
9798
9796
9791
9779
9773
9805
9797
9776
9778
9770
9770
9766
9793
9766
9765
9770
9761
9769
9744
9743
9742
9724
9716
9715
9694
9693
9695
9687
9705
9695
9688
9692
9682
9675
9620
9638
9632
9627
9625
9615
9621
9611
9323
9283
9275
9278
9275
9268
9267
9256
9256
9252
9247
9251
9255
9248
9239
9265
9247
9240
9235
9220
9308
9300
9290
9281
9268
9263
9254
9247
9233
9233
9225
9209
9207
9199
9493
9490
9487
9477
9470
9465
9220
9212
9203
9194
9160
9155
9146
9143
9140
9134
9131
9173
9168
9142
9140
9132
9122
9116
9089
9083
9081
9076
9079
9074
9071
9061
9067
9059
9049
9113
9119
9111
9092
9095
9086
9083
9072
9063
9053
9037
9036
9032
9028
9027
9020
9015
8995
8991
8986
8987
8978
8975
8966
8965
8954
8951
8947
8943
8885
8875
8883
8871
8869
8859
8850
8845
8844
8818
8834
8817
8816
8813
8808
8808
8804
8799
9386
9383
9371
9379
9369
9361
9353
9360
9351
9344
9322
9273
9266
9287
9279
9265
9256
9252
9250
9249
9242
9236
4878
4873
4856
4855
4849
4843
4841
4767
4765
4762
4753
4775
4763
4755
4754
4745
4740
4738
4728
4720
4714
4706
4689
4688
4684
4679
4670
4566
4564
4556
4546
4524
4526
4516
4564
4560
4560
4554
4547
4540
4496
4489
4479
4477
4474
4466
4470
4460
4249
4249
4243
4252
4241
4232
4211
4207
4210
4202
4195
4157
4159
4149
4148
4145
4119
4121
4115
3928
3920
3916
3907
3905
3898
3888
3845
3857
3840
3839
3821
3819
3818
3808
3795
3790
3787
3785
3781
3778
3764
3762
3754
3751
3746
3745
3733
3725
3719
3716
3700
3694
3719
3698
3694
3686
3683
3676
3694
3693
3697
3691
3700
3691
3688
3685
3680
3670
3702
3700
3676
3672
3672
3664
3642
3643
3634
3618
3614
3610
3570
3559
3550
3549
3587
3593
3589
3585
3583
3578
3576
3561
3554
3555
3546
3541
3536
3530
3521
3518
3516
3528
3526
3522
3514
3506
3610
3605
3600
3594
3588
3578
3559
3558
3554
3531
3532
3527
3527
3518
3511
3511
3507
3491
3487
3474
3467
3461
3451
3449
3431
3430
3425
3512
3582
3578
3579
3578
3573
3566
3582
3567
3566
3568
3560
3557
3550
3558
3548
3570
3569
3562
3598
3596
3592
3468
3458
3449
3448
3450
3446
3442
3486
3485
3476
3469
3462
3448
3446
3438
3425
3422
3392
3388
3392
3386
3381
4072
4066
4062
4056
4068
4058
4046
4040
4018
3985
3982
3977
3996
3989
3975
3972
3962
3956
3951
3944
3969
3959
3957
3948
3939
4110
4108
4081
4080
4078
4023
3950
3959
3953
3945
3938
3964
3957
3949
3948
3940
3934
3933
3928
3927
3918
3944
3935
3926
3925
3920
3917
3911
3901
3883
3881
3877
3864
3857
3844
3842
3838
3801
3779
3787
3783
3773
3769
3759
3758
3749
3864
3844
3853
3842
3842
3832
3825
3824
3820
3810
3807
3800
3791
3787
3783
3782
3775
3794
3784
3741
3757
3747
3739
3733
3730
3713
3699
3697
3694
3693
3693
3685
3748
3744
3751
3726
3730
3724
3719
3689
3687
3683
3677
3670
3665
3657
3651
3649
3641
3638
3637
3641
3627
3621
3624
3617
3632
3642
3632
3619
3612
3605
3419
3411
3397
3390
3381
3376
3360
3353
3349
3319
3316
3313
3308
3299
3391
3381
3281
3275
3271
3259
3250
3241
3239
3285
3274
3269
3241
3243
3239
3237
3231
3369
3354
3350
3322
3314
3311
3310
3306
3228
3219
3218
3240
3233
3225
3222
3210
3202
3197
3193
3191
3189
3445
3436
3317
3308
3303
3292
3279
3276
3278
3268
3345
3339
3318
3311
3308
3311
3304
3299
3298
3264
3246
3238
3244
3234
3229
3199
3191
3176
3173
3168
3163
3153
3150
3148
3140
3130
3120
3111
3103
3129
3128
3119
3104
3099
3097
2993
2980
2975
3051
3041
3031
3039
3030
3025
3023
3021
2981
2967
2961
2981
2965
2958
2949
2941
2938
2931
2971
2963
2958
2955
2944
2935
2933
2923
2945
2915
2913
2882
2878
2876
2873
2899
2889
2883
2873
2847
2844
2842
2833
3709
3709
3701
3697
3687
3681
4020
4013
3994
3997
3990
3985
3970
3969
3956
3955
3948
3950
3940
3944
3935
3925
3924
3825
3820
3812
3812
3787
3788
3778
3772
3735
3739
3738
3735
3731
3755
3747
3746
3740
3738
3728
3724
3576
3595
3586
3582
3579
3571
3572
3561
3562
3559
3556
3540
3539
3532
3524
3519
3514
3529
3520
3518
3511
3504
2959
2947
2939
2942
2939
2933
2931
3119
3114
3112
3104
3094
2998
2996
2988
2973
2966
2957
2952
3162
3111
3114
3107
3115
3105
3100
3099
3089
3082
3181
3168
3160
3154
2978
2968
2968
2960
2950
3044
3021
2976
2962
2945
2944
2936
2969
2959
2958
2934
2952
2944
2928
2920
2926
2916
2918
2914
2813
2832
2823
2826
2821
2791
2791
2788
2779
2775
2773
2774
2765
2780
2774
2764
2757
2728
2722
2720
2714
2714
2712
2709
2702
2694
2700
2690
2708
2702
2694
2688
2692
2685
2676
4808
4789
4780
4765
4760
4750
4742
4733
4728
4714
4718
4712
4708
4742
4738
4720
4714
4708
4675
4674
4679
4672
4599
4606
4605
4600
4597
4594
4610
4601
4594
4592
4594
4588
4579
4572
4498
4556
4549
4541
4520
4513
4512
4508
4499
4496
4492
4487
4522
4491
4484
4490
4482
4460
4455
4452
3613
3597
3595
3570
3561
3560
3558
3552
3550
3546
3522
3516
3516
3506
3506
3495
3486
3482
2303
2299
2303
2293
2283
2282
2281
2258
2275
2265
2254
2247
2238
2226
2236
2230
2224
2218
2161
2157
2152
2151
2163
2149
2145
2136
2126
2114
2120
2110
2113
2106
2165
2157
2136
2130
2123
2121
2113
2106
2097
2381
2379
2378
2383
2374
2386
2378
2368
2456
2453
2449
2447
2445
2405
2404
2397
2388
2379
2386
2377
2329
2318
2311
2301
2328
2325
2314
2309
2314
2309
2300
2293
2333
2323
2322
2317
2246
2238
2228
2225
2241
2238
2233
2227
2228
2228
2218
2207
2204
2446
2433
2432
2414
2412
2435
2416
2412
2408
2392
2358
2357
2354
2347
2341
2337
2336
2367
2354
2349
2345
2337
2332
2329
2325
2321
2314
2312
2297
2296
2294
2267
2261
2255
2249
2237
2231
2222
2221
2217
2215
2206
2216
2206
2197
2199
2189
2189
2188
2164
2156
2154
2153
2148
2148
2144
2161
2154
2130
2128
2120
2114
2040
2034
2036
2030
2071
2059
2054
2050
2040
1990
1986
1982
1998
1990
1975
1970
1774
1770
1759
1750
1740
1739
1744
1737
1734
1729
1724
2065
2065
2061
2069
2063
2059
2057
2060
2055
2046
2132
2124
2118
2120
2112
2104
2098
2091
2083
2117
2132
2107
2115
2105
2079
2083
2075
2078
2071
2067
1887
1880
1880
1872
1870
1869
1859
1855
1852
1851
1766
1764
1758
1793
1788
1780
1776
1774
1794
1791
1778
1752
1750
1753
1746
1803
1794
1800
1798
1788
1781
1779
1770
1616
1623
1606
1612
1602
1589
1586
1601
1590
1583
1574
1566
1542
1541
1543
1532
1523
1513
1501
1495
1490
1487
1478
1568
1560
1473
1460
1453
1446
1434
1428
1468
1454
1445
1438
1438
1418
1423
1414
1410
1408
1399
1391
1377
1375
1123
1122
1299
1297
1294
1289
1314
1367
1350
1342
1340
1321
1315
1309
1294
1287
1283
1277
1281
1275
1271
1386
1374
1369
1364
1353
1346
1338
1310
1317
1316
1300
1298
1212
1202
1198
1196
1233
1222
1219
1208
1199
1180
1174
1166
1169
1164
1163
1059
1051
1048
1039
1036
1183
1164
1157
1156
1052
1049
1037
1029
1028
1034
1034
1032
1027
1023
1014
996
994
986
982
988
979
976
967
989
985
977
975
967
962
960
936
933
920
915
907
893
891
883
878
872
868
861
852
841
840
445
414
409
400
399
392
391
408
398
390
387
386
566
563
541
538
536
540
534
524
514
509
502
595
592
589
591
583
577
575
565
572
571
572
569
568
559
573
572
519
512
505
495
494
488
486
489
482
445
449
446
444
447
440
422
415
387
387
385
381
385
379
357
368
362
361
353
343
372
364
358
356
342
332
328
318
311
302
290
287
278
297
293
278
272
269
262
253
242
235
220
215
212
211
201
192
183
176
173
165
161
167
157
165
145
137
135
118
115
105
97
96
86
80
131
125
155
153
136
133
121
120
118
82
80
59
57
53
61
55
52
47
38
22
23
20
17
8
6
0
2605
2598
2591
2582
2575
2569
2641
2632
2624
2636
2631
2626
2596
2589
2580
2561
2550
2541
2539
2535
2530
2525
2516
2516
2512
2692
2688
2660
2657
2647
2643
2633
2628
2629
2619
2616
2606
2608
2604
2591
2593
2591
2585
2564
2562
2545
2543
2535
2534
2502
2485
2492
2484
2482
2514
2474
2464
2466
2456
2462
2454
2438
2436
1630
1617
1606
1603
1606
1608
1580
1584
1578
2534
2526
2519
2518
2499
2498
2497
2486
2486
2476
2402
2410
2403
2403
2397
2381
2379
2374
2370
2360
2366
2356
2302
2292
2315
2306
2301
2284
2295
2295
2285
2276
1970
1969
1961
1944
1943
1932
1925
1916
1954
1930
1922
1935
1929
1919
1875
1876
1872
1866
1876
1866
1862
1866
1856
1847
1842
2007
2005
2012
2011
2010
1998
1992
1987
1999
1990
1984
1640
1628
1626
1628
1622
1611
1606
1604
1868
1867
1863
1858
1854
1850
1849
1839
1843
1837
1838
1835
1805
1774
1771
1770
1769
1768
1765
1716
1672
1663
1661
1660
1655
1644
1649
1636
1635
1630
1615
1610
1603
1570
1569
1638
1615
1612
1615
1605
1603
1596
1595
1584
1579
1564
1561
1563
1555
1577
1568
1568
1560
1550
1376
1353
1348
1350
1342
1334
1328
1338
1330
1322
1302
1315
1306
1296
1288
1292
1290
1294
1286
1284
1275
1274
1288
1287
1280
1278
1270
1267
1260
1433
1415
1411
1402
1398
1381
1378
1370
1362
1366
1358
1356
1368
1364
1357
1357
1351
1319
1314
1312
1297
1293
1288
1279
1277
1270
754
744
729
726
719
712
709
702
1071
1067
1059
1070
1068
1042
1039
1038
1035
801
803
795
789
783
786
784
778
771
895
889
879
872
872
862
782
781
774
771
763
766
759
751
742
738
746
736
707
711
703
710
704
700
679
661
659
661
655
636
639
630
626
620
592
589
586
583
591
574
571
501
499
481
479
511
505
487
485
483
474
465
446
443
441
453
439
435
431
438
406
416
414
412
403
396
390
387
375
369
361
472
470
462
460
451
444
437
430
362
389
386
377
374
372
364
348
346
352
342
217
216
241
234
234
224
217
210
257
252
130
130
124
120
158
151
148
145
143
140
135
124
133
131
121
120
77
95
90
24
33
23
15
8
3
9
2
0
409
407
405
400
390
384
378
375
369
284
284
280
279
297
302
295
282
277
264
261
260
252
200
194
190
190
184
180
178
176
169
162
62
59
48
47
46
29
26
20
18
39
41
33
24
16
12
15
6
0
164
159
150
145
140
30
43
40
45
31
28
24
28
26
20
14
8
6
0
242
238
203
196
187
179
172
169
167
166
161
158
152
247
241
233
248
244
235
229
215
209
201
233
227
222
217
207
201
204
197
188
181
167
155
153
143
138
128
125
112
102
100
84
78
70
58
57
49
67
79
67
61
56
47
44
43
52
43
40
16
10
10
4
0
152
151
155
149
146
142
104
96
112
110
87
89
85
78
70
111
108
76
48
45
42
34
30
28
20
25
18
2
0
25
34
22
14
6
0
