96 34 2 95 64 3 100 90 4 94 92 54 21 19 54 74 87 97 97 64 64 96 6 34 65 91 80 29 76 90 76 80 80 24 79 61 51 85 3 60 75 65 85 49 68 83 41 46 59 18 100 25 70 91 92 2 76 56 91 95 17 59 87 74 60 92 91 70 27 58 72 66 98 66 93 51 76 37 52 29 28 45 61 47 68 56 49 10 61 8 60 42 56 73 85 92 58 94 10 68
59 91
76 83
58 95
75 75
96 96
32 68
17 92
17 46
95 98
52 81
1 19
80 84
15 55
6 59
11 71
4 45
25 50
72 97
4 80
9 23
47 99
25 68
12 85
37 73
79 86
84 89
88 89
63 94
36 44
78 99
75 83
1 44
44 50
4 19
51 87
6 65
42 42
41 86
85 91
80 80
81 89
47 97
11 70
86 94
10 29
90 94
24 61
26 89
69 78
70 93
64 81
47 48
83 98
80 97
58 71
34 68
68 78
25 87
56 64
52 97
49 91
8 64
14 92
57 90
78 85
83 83
85 94
14 75
9 68
42 42
73 99
23 77
16 82
22 83
70 72
65 83
33 51
14 81
6 11
16 86
65 84
44 54
8 25
33 33
87 97
3 47
61 82
88 99
25 69
18 67
5 26
2 52
15 65
23 74
6 28
62 82
57 84
59 71
15 51
99 99