47899504
752466074
874526106
932819887
779349132
705283827
376660249
584319324
152576709
615140618
778904828
793490029
429389311
969481312
86481515
514039890
273914740
635659541
362336740
792555188
959998125
236730788
754559190
649656843
272253834
144074699
79553031
600117333
57652686
439575439
164262491
579412349
660021884
576085674
2976520
457857186
646523798
510586415
738119778
346
707710612
35676241
898152613
330223517
750558074
833404174
859014579
283518644
679771901
655942131
229001803
106629359
510601265
356933551
962779733
311690899
480844622
868257366
442937817
297878572
65721642
612181833
839633360
171127389
432411197
64552755
456582287
332920449
238297797
158249552
530945620
278429023
726954215
694
301857981
53226083
486891534
278685056
714447501
206402867
320305219
355615373
450473725
299320995
236297490
592300696
790362041
363948810
781664074
129617971
212012218
301559238
574484134
907692009
57028051
433939612
118733361
775316448
331238915
515966575
173384886
19856866
589799990
265653506
897169013
653061215
669238754
505133552
168946163
777120374
81192268
917188015
741589437
555372932
459891405
132167700
707000804
669832036
940631315
462324111
766633695
856635901
518727946
21368877
5913740
463738298
495016377
819184965
162152659
91819155
72959878
80697163
47115273
98519566
557753475
361713372
363002672
609938124
126248720
798778918
339848460
438508972
527804900
956685989
624652291
97866104
652945466
944565977
52742140
205847717
157181737
129516665
387974382
356884624
849506136
880078774
837165189
344705911
111818914
878319455
328607874
941220894
34649995
402104906
476668771
324844263
202772473
819399537
499837684
186011543
283424969
1853303
839436687
83975349
23506991
506718654
373687791
764766140
176133738
46700964
930295513
285901700
122359541
251558389
192689368
103426836
213
331385970
616572428
167565041
512488059
420810883
436999100
906552546
262665279
643087986
159470060
40407165
41307179
634907683
278986497
425277183
323986035
541831979
204592490
240443941
9541919
816646341
296464253
608361454
289681249
346
943231551
303291240
689165711
346
486363070
777793225
994694494
774456130
627087965
3888195
121945056
314693164
496849846
443777020
432610833
856650461
84961888
506281087
457251203
77368087
317058469
492367576
793056179
874068599
735493832
466090248
219580906
364080486
211387762
496727788
42497536
771888237
380203696
909192792
656599282
289700952
841624163
385435426
381741859
407731121
407497889
195263713
329429689
241483266
632431902
467142449
565498611
108474175
979413798
613531413
192997153
978287032
639616470
704326852
284316546
755885493
871167730
934041457
169638887
277863917
179128593
300377989
819693755
293792767
961034010
270208350
217546432
769305360
999474456
635622034
900357406
472992751
128534776
26591576
411792098
788347790
960968317
48962357
530700261
17823456
47456819
702625421
674548230
351803980
297637449
371710669
931781588
291430189
306645782
120698363
82441905
571946811
176362231
524230436
273493117
299363271
600877944
398405654
58212010
145757393
821538581
798342851
220906118
856767339
565903090
26228253
827249753
457492083
493590384
146065443
265538356
664806232
867118702
986132230
516957997
389719471
154795883
183525655
819757931
163772187
106694633
136065365
322967126
320157038
886513715
990592790
107380799
732225189
610315440
439283000
899686498
827016687
285596253
342663495
682739366
553979679
914122439
239809267
46682030
851618198
203905896
803026792
435535034
51169495
925638711
39832678
319266190
288002481
844605626
719529384
246555016
939535077
679853501
692795222
752577539
635834486
865092094
13210905
288036101
166323463
911469943
980819794
893190545
529220378
224647608
603773964
342674597
890410983
675106176
196929916
440208110
947
586595773
37312199
792974060
753526321
250306348
590346824
41516773
133464249
334682990
216489419
791260488
709012721
573476914
458573579
142302444
849302798
872508055
703205779
918454124
50771013
360141876
248950869
803489365
784186390
526722024
857956118
645598830
267528969
900189940
833252394
628896584
11476593
383102023
507973527
922334095
296463613
45161641
244605942
255827414
789781456
250875133
897701312
92672568
173367096
159831824
755716078
444324550
148260205
92059191
343248810
410094705
544421297
126846063
565194029
570563446
552967325
899006997
908938322
501186265
541221018
342172728
384007757
583082817
334411738
421877237
333051301
589974813
300064529
301256285
20103501
781484327
472272194
84379832
846379550
877307004
637888871
518710214
239610683
576513605
656130127
461136732
252282602
922201924
869754696
40067295
21453770
565397245
617111900
374828786
183272458
722437238
469929
665238816
952244765
508940940
45885115
992053037
130994653
776128532
978053344
63236116
389426350
953678431
594290775
221341154
859411630
688187606
281889456
195318783
71554928
188885357
832661340
120816139
581322004
452230429
211980343
219364433
749390674
774371159
466996322
703440716
99554420
800222223
694517439
386181488
587963700
667519739
608375657
211163916
892270462
129831537
188226513
224342677
779643424
648241686
526345662
850454373
79079444
885533861
349381805
608253826
871650648
324334554
567479142
421011617
304956244
392020477
756036148
61688268
284360859
320548824
349261404
109896835
530637737
126200229
824445769
195911680
7958696
354876676
668822614
51895090
864888739
494190188
656140494
162581400
966273547
335122793
399358602
144798890
719777808
858443869
546943395
146519208
392141227
330777425
736708338
543983302
33308728
63038430
605769552
283617863
881743660
320569376
140164352
878926530
402777288
436771154
495991847
122785904
858518837
298847234
529733167
757500465
754582236
835403063
120182451
834662345
500931143
756634947
879639725
285061765
895149271
717184542
561546698
424962882
507463349
98979779
54996003
863685183
190896028
298286782
833663569
522965071
103426836
270875575
818906582
771300121
750761267
537539196
967410196
66913389
125672644
797544978
533181266
743812803
810072705
933237793
727861086
386397123
95606952
795159779
388628186
415104309
227145996
234683815
113200944
848017028
49801283
757946059
940838574
311812238
231345
130232208
145940910
667355856
390820396
299658784
899973679
154410364
666447666
358694615
909670669
223684960
255831971
197016117
521162826
525639181
826441120
979366771
313402046
304847801
604205413
80497049
415664799
315074746
487691791
794670976
590146711
8335668
491328539
638979833
388096324
817290361
466368957
458582569
926659404
291945380
726263643
520582383
228230895
233552401
979382912
545855183
974721695
838603741
208689713
894933378
179322224
706506548
761556257
528700034
427250459
670420241
189531091
258364750
605183900
434035538
991221173
108579292
158320716
479936671
846895013
795371207
801538217
948140753
911849936
5337380
177618331
81119322
231795244
273147141
35651918
149394490
914110502
205015622
902476294
167458835
587578956
5267586
204803338
274976589
963641479
144418177
944417240
950781339
146458922
94838726
538262008
777389938
592271729
248854945
425664842
111753467
434796734
125397994
106581276
373061802
524809563
671469307
63791229
318910727
400622323
11271742
712821013
282403136
252951752
823002280
837600365
163899416
526393735
190643038
289362706
96369902
367777627
26695593
498197031
927605626
521186018
583082817
596261192
449702608
252154449
172139049
125487
786753974
833808174
27354208
654982798
22703916
973842601
704089128
324454326
340262765
548192063
76776791
629841080
283378639
90818150
121468074
249648904
370472510
92960994
283658068
349555649
98644975
37906354
305511510
327503566
133038172
444835668
127642807
810
768918261
508490121
451261712
363248770
20442026
149129298
489160560
323313543
107334297
838031100
163168921
786122882
867436498
105157765
408919849
550329443
628280290
555016535
647621665
248654966
725828929
450767881
703256657
58693484
21748220
587321232
69521570
883751092
135884192
39151619
32514729
416388656
99316561
280617679
233282953
637333694
973794427
298484584
481457634
734757526
212890917
458394428
229064066
430116045
469394278
334932260
491917715
532654848
199676276
58627991
345626264
428291352
731241230
168688008
974476851
361144815
562542805
728889527
246243642
76171902
77253528
556570110
827190098
860932550
694500627
201549359
946607280
504696332
114394974
440050322
249683345
5358885
686961194
318728734
155447956
8916518
775617278
755744206
708356680
423927539
619440847
621519538
888883054
119323945
916123927
904438237
914443608
947421929
61440156
387459982
786201713
659403542
127612284
989641219
753272293
857254392
143329670
887453219
394617313
249741664
778344561
231241970
735438983
198265208
610014250
681747785
245534682
520075584
388757753
174889883
40990911
558704339
717782964
403838731
970526421
306190556
132262462
52756201
15809081
423453258
705371639
266865449
667261485
334690272
389183847
805121170
487062318
603185387
459188830
862064860
546613734
926367413
184947430
429166594
968030612
670677599
519020721
966565257
221531139
160061890
989717789
170287093
73246386
275748934
104608892
163240431
619023182
449118349
545520890
477490791
679144260
416398037
990592459
232759720
323788968
503249910
664636853
656966703
210629506
700190282
537930799
878790669
829735627
91251623
929989975
6553623
70272580
89056492
221029324
564135136
442257227
507772470
767674223
567288472
987393611
65208276
600623108
72172003
699461139
448749557
849624343
59265486
655315257
140558943
12096
229789729
266467565
35265786
573985309
703192
960274514
356310725
232254842
301529168
655933810
977228978
922028035
205962796
918764234
408303730
343424681
363355776
844678622
668506867
273905031
212750408
21748220
484539856
220223235
973959506
796006903
545718808
577597904
708763821
839375022
417322560
748911342
444150464
935770672
295095
207490707
136227485
824864276
278300856
