331187985
452453094
260522944
51
58
222002195
534028579
917201889
5015840
323122283
116877604
245644560
885030985
787923957
264293873
866388611
390264455
872435878
931540534
638683987
323050922
729134653
638205437
243293124
411369731
910568960
488
913202468
251708494
904630685
75107633
432173351
454812890
713330791
419727403
967280866
85
241315230
744614169
28
53552061
462239784
261580212
330886305
971178786
875649600
292815428
675374225
564587062
585254103
47961691
2714
115957399
248562477
599596311
455844796
243850569
33727570
632995219
223392194
500238013
389085712
102246916
184141900
191657672
47
529632954
220385875
576184309
85
829146872
966681536
745129814
606289249
465696
775102791
99945599
713749446
811711888
280190137
706989424
604745759
263026643
24
352556030
846346260
734823119
973809879
289809580
535599521
544903041
639891686
29262187
927767325
322097988
419234293
396617337
764830734
386514477
68
