35 458 101 303 590 973 254 742 369 576 764 620 684 884 627 54 169 722 339 964 314 958 634 733 533 397 740 300 673 41 76 399 304 465 369 260 413 499 628 35 285 500 262 977 695 844 308 793 70 429 629 50 803 634 839 22 965 122 719 14 634 587 848 760 485 297 104 331 168 654 976 663 777 897 722 696 30 450 699 681 570 49 1000 275 96 940 434 557 332 47 236 475 343 899 33 840 809 953 592 373 479 302 618 202 140 503 104 890 617 3 399 57 814 118 829 798 472 162 531 403 531 765 386 602 231 943 440 463 301 10 314 858 833 90 937 100 871 213 495 446 31 346 896 671 818 331 692 213 4 60 977 592 898 491 226 627 83 216 396 268 785 700 645 706 71 43 310 508 713 476 184 885 881 197 456 84 302 105 300 653 604 539 492 459 817 762 404 48 579 509 854 512 908 918 363 516 344 417 376 466 308 947 578 975 350 37 397 743 345 727 78 881 287 175 926 61 727 826 687 399 246 911 126 467 559 849 305 960 413 827 921 632 765 875 478 859 447 553 591 225 844 215 177 743 702 408 821 758 92 98 292 457 429 46 148 740 818 580 42 400 478 754 638 491 351 812 516 282 612 474 615 769 374 686 830 975 553 85 65 621 921 475 811 805 175 601 631 148 764 57 995 818 874 101 386 774 200 197 963 228 844 448 461 377 568 255 861 715 663 223 155 179 518 589 299 100 294 377 727 843 270 469 215 222 874 621 755 431 905 407 188 880 256 938 433 38 41 712 845 728 657 725 155 871 715 887 965 101 743 590 453 112 631 235 244 373 102 538 441 439 753 425 271 647 471 785 362 91 819 626 423 561 902 832 633 650 855 954 144 473 781 223 625 892 184 265 891 695 293 835 126 541 969 796 187 313 139 948 424 950 580 468 611 868 87 784 284 44 739 365 317 184 941 228 459 830 937 631 291 860 672 473 879 842 400 56 97 197 481 724 117 192 844 791 488 938 388 756 557 708 766 801 684 930 586 223 226 391 769 678 878 659 559 844 47 54 8 773 81 59 748 33 959 168 308 426 407 962 108 157 283 699 513 894 700 262 986 358 207 382 825 318 561 20 41 283 460 384 334 82 826 797 298 498 494 231 364 806 680 493 400 258 167 513 580 427 366 572 542 954 673 261 537 263 719 825 166 711 31 281 453 783 540 225 267 632 739 108 211 83 58 827 480 628 32 109 694 177 817 430 958 538 785 34 264 280 277 688 224 927 23 505 875 821 745 599 377 59 110 793 34 465 390 307 731 123 640 304 792 440 407 658 185 167 895 53 150 714 374 985 925 332 53 143 577 268 279 497 361 722 230 659 209 759 131 462 394 542 532 161 753 991 853 856 439 232 290 159 725 980 624 205 341 542 153 428 654 564 846 396 270 662 381 349 879 229 970 627 972 150 359 177 714 999 750 873 578 94 755 952 731 431 484 732 698 612 122 887 363 940 736 347 366 630 160 765 893 181 507 444 930 747 967 264 171 399 352 149 608 905 137 71 273 426 417 918 913 999 57 889 175 245 250 516 634 171 521 555 866 812 333 70 228 484 621 309 404 656 243 555 233 904 21 757 70 679 833 418 669 95 478 562 404 374 127 832 753 173 408 841 199 357 113 564 713 946 576 945 116 930 481 749 670 196 215 98 19 187 441 536 524 899 16 377 383 544 773 438 460 739 957 261 876 966 918 172 130 749 593 300 27 324 24 504 911 661 358 261 167 161 340 658 215 468 96 775 707 731 29 791 835 278 231 671 176 760 141 494 958 700 88 253 818 839 160 134 460 298 3 327 779 711 639 166 749 841 589 851 862 654 182 115 573 758 647 40 44 234 222 244 191 535 740 373 753 611 618 183 332 396 118 544 743 446 701 628 263 443 384 46 377 362 769 633 227 242 604 864 768 45 776 780 466 336 878 739 968 927 86 819 895 667 302 671 595 117 300 317 701 706 689 248 515 166 206 218 37 723 471 287 715 673 980 358 378 765 293 425 302 628 603 897 535 206 796 716 294 173 21 577 14 237 471 513 133 635 100 613 322 928 1000 972 654 477 130 659 309 278 802 916 268 57 354 794 986 718 168 57 192 446 592 944 219 573 515 336 798 649 60 35 802 858 774 999 256 834 417 291 795 37 325 503 281 479 747 373 368 354 25 572 443 823 108 377 339 393 860 581 808 72 421 588 999 225 458 810 955 128 154 229 526 511 365 944 126 294 301 867 738 947 863 213 4 521 233 260 359 451 131 346
663 892
215 714
790 945
307 396
659 722
388 957
443 453
986 998
10 100
696 731
935 942
523 561
389 439
296 914
310 379
295 442
112 717
780 972
538 639
322 367
757 906
888 993
604 654
198 866
654 948
262 960
897 988
621 708
294 491
57 984
513 643
602 885
816 869
2 607
865 930
103 148
286 775
734 983
433 703
999 999
146 157
253 850
310 533
940 985
839 906
571 812
48 57
458 901
95 357
746 856
164 945
281 731
54 567
93 288
914 922
766 837
885 943
614 803
830 848
778 927
535 607
895 949
883 963
7 810
263 875
12 186
498 781
481 515
654 728
894 964
455 873
498 701
720 856
536 536
363 711
460 588
271 840
461 835
673 711
667 791
542 966
407 933
12 21
727 859
694 975
889 966
47 355
660 899
779 882
324 770
819 976
461 735
895 970
61 488
723 970
483 832
268 885
724 998
650 768
74 212
166 833
797 914
746 800
764 767
357 858
386 498
486 793
323 525
110 242
382 799
569 980
562 674
866 934
378 541
595 839
971 973
853 940
739 753
666 808
849 959
391 676
89 947
901 993
775 844
77 975
152 424
362 849
526 539
912 932
802 872
232 332
882 992
467 916
242 390
677 767
548 565
81 689
738 751
992 995
832 853
268 616
797 836
478 498
576 745
142 739
796 859
465 645
726 778
378 558
347 566
419 872
573 868
706 762
557 684
391 780
183 970
874 883
307 859
463 484
575 900
427 939
544 960
101 832
360 383
960 997
606 902
253 391
27 542
323 327
105 703
657 668
924 971
840 997
218 611
451 745
108 309
303 956
396 780
573 777
127 348
445 731
442 842
771 847
295 807
268 998
991 994
991 991
782 956
237 624
35 886
2 424
191 973
340 806
675 729
801 865
324 570
603 881
472 890
612 824
720 758
364 817
246 438
568 940
174 212
210 887
214 562
238 706
927 980
464 497
347 747
624 715
999 999
623 661
160 265
249 961
999 999
212 292
679 841
925 992
547 816
111 632
131 741
92 276
237 414
435 949
261 615
107 170
231 641
620 905
921 956
378 918
12 672
547 796
370 790
925 979
622 744
171 608
577 857
295 680
481 763
734 942
409 477
1 542
693 906
696 972
748 751
46 51
734 945
642 955
822 828
274 369
535 858
759 924
0 84
109 877
210 392
393 695
518 555
483 878
305 943
364 932
273 706
94 775
118 561
545 723
932 987
633 709
182 879
474 833
450 652
87 525
128 367
740 748
724 917
33 368
290 505
391 823
895 952
290 381
268 389
503 623
491 854
213 990
602 962
774 814
773 987
716 962
541 695
894 958
725 904
818 856
969 971
10 191
815 858
177 727
559 686
813 905
797 994
388 528
211 556
704 953
105 959
605 755
943 976
463 774
807 963
279 703
469 773
741 750
328 707
644 799
904 985
410 690
767 947
319 793
90 504
83 605
719 866
898 980
743 943
593 811
642 693
751 809
495 588
407 468
299 613
322 877
350 613
687 955
76 191
565 874
215 933
565 920
871 988
394 645
220 453
186 501
872 947
891 976
487 627
217 424
440 657
524 711
827 852
84 674
490 957
655 728
722 992
878 904
489 640
470 957
415 734
2 696
62 402
275 913
932 958
906 982
446 744
482 785
732 817
960 963
1 424
724 970
450 550
280 415
268 333
957 978
71 586
794 959
775 789
511 981
951 990
707 976
670 739
379 638
924 953
84 613
267 321
742 898
632 879
673 775
376 568
96 441
989 989
522 635
817 827
462 885
296 659
836 984
639 799
432 749
953 955
176 375
334 706
946 971
587 851
521 963
447 934
103 881
929 997
466 768
325 365
568 918
430 810
164 838
442 580
249 984
139 708
35 382
50 967
835 906
316 632
929 957
671 777
273 578
691 923
665 792
346 623
823 889
618 987
740 964
775 808
621 679
75 241
78 858
176 846
367 594
555 704
25 491
976 991
951 977
426 806
279 408
329 808
520 665
931 961
644 691
222 877
349 924
641 839
49 976
240 501
583 822
631 779
224 409
883 917
569 586
414 708
790 905
306 372
526 738
530 727
355 925
134 745
456 629
653 866
219 766
378 521
490 797
857 892
807 880
544 596
646 769
976 990
44 380
124 189
463 799
855 875
354 637
543 565
39 830
278 342
684 808
261 398
849 948
672 925
982 996
111 142
935 972
376 545
305 532
392 431
620 774
993 999
544 864
362 542
226 321
436 850
382 534
409 725
68 844
349 535
668 951
47 452
4 584
934 989
798 880
101 530
612 976
1 287
614 864
735 877
744 932
233 934
583 829
104 334
554 757
864 890
986 989
384 876
420 717
169 247
843 988
124 892
88 896
158 515
412 792
134 556
122 387
523 674
415 943
119 749
412 834
760 766
728 787
940 998
743 822
578 920
864 963
189 986
552 564
490 705
977 993
134 447
512 967
762 947
0 716
273 834
753 879
510 559
221 285
441 487
935 997
712 880
564 627
279 372
275 900
890 949
118 320
224 885
897 910
447 968
136 657
900 931
210 423
770 995
658 756
407 691
202 602
540 884
527 963
787 988
858 860
241 456
635 684
387 859
934 952
490 677
207 430
361 862
351 434
923 976
214 828
359 558
80 148
798 953
323 687
601 732
340 483
557 834
567 792
128 898
166 934
235 638
174 912
95 751
247 909
250 950
986 993
881 955
307 838
837 891
118 972
432 528
163 283
271 468
67 786
991 994
186 314
961 989
749 981
399 595
243 420
158 741
446 683
285 608
488 561
10 388
328 855
209 270
116 317
702 954
766 848
471 506
218 273
333 911
827 849
577 864
827 979
905 925
705 897
682 815
554 763
797 813
106 798
947 948
258 289
555 637
754 806
353 520
917 931
54 979
881 969
812 924
110 485
864 957
28 598
680 808
495 686
669 985
444 866
816 861
923 988
941 975
908 984
164 174
556 974
5 905
695 709
257 531
197 876
910 939
118 743
145 690
224 464
810 982
382 959
973 981
879 919
829 871
855 904
961 966
382 751
289 900
68 986
40 498
687 802
921 980
17 216
811 838
540 783
854 886
671 687
461 568
328 511
27 596
249 730
872 942
941 961
404 559
777 799
328 489
885 917
753 961
898 948
14 64
876 943
807 862
95 445
374 886
484 486
767 785
658 929
729 761
518 859
963 969
653 818
834 843
671 849
352 858
956 976
979 989
440 744
733 760
16 644
592 984
667 807
248 849
851 961
939 979
812 918
449 818
602 717
69 821
188 943
851 904
741 932
594 743
239 965
898 974
448 943
708 770
70 740
150 716
148 277
598 909
109 153
228 508
301 986
138 152
389 597
117 416
621 658
883 924
922 937
292 603
919 924
26 624
45 886
435 556
125 646
275 866
569 586
261 434
969 994
177 484
786 889
932 933
110 583
205 812
928 938
803 890
982 997
922 987
631 884
173 525
693 850
682 754
250 309
155 875
508 769
913 992
882 974
921 927
790 911
560 828
666 903
744 989
357 766
19 146
789 968
948 973
180 703
283 851
222 254
975 975
942 950
627 828
542 909
699 878
997 999
918 930
888 957
451 673
356 810
630 654
711 901
609 864
828 884
773 850
597 712
545 867
73 102
910 971
77 976
11 653
476 589
557 915
193 197
995 999
994 996
466 523
588 979
684 891
747 968
465 961
584 813
32 336
482 969
124 255
584 955
409 498
739 811
397 984
14 852
433 683
87 218
288 866
309 909
101 744
905 917
30 291
231 655
725 830
228 470
914 974
247 495
492 666
714 757
911 928
303 376
245 521
589 746
847 886
946 970
971 995
952 986
157 431
874 996
959 968
749 852
947 998
33 300
61 505
800 832
683 753
595 882
118 547
601 984
289 810
530 546
582 607
989 993
870 931
824 861
719 996
406 818
181 895
719 741
851 957
285 449
281 977
595 986
277 833
710 982
348 869
918 969
872 970
19 440
88 274
217 264
405 909
958 995
65 619
825 844
647 879
114 808
200 377
678 982
770 886
738 975
640 785
805 861
975 992
200 986
644 959
271 845
336 442
534 629
694 868
462 506
369 426
647 662
248 872
22 99
508 705
982 989
878 941
984 987
611 889
125 371
793 901
784 830
753 958
670 787
589 977
863 876
392 424
308 658
3 946
560 929
124 163
345 837
62 970
783 788
597 673
89 430
136 890
596 718
632 814
797 925
765 920
539 806
493 689
288 984
759 936
871 916
305 545
885 890
751 870
209 362
437 497
445 793
65 444
356 877
148 645
236 386
439 533
283 628
496 922
516 867
668 696
465 595
52 723
615 658
514 770
743 798
939 998
137 405
932 999
488 954
662 706
482 780
555 646
639 908
520 849
911 996
603 919
518 678
261 734
762 763
55 215
464 859
734 881
324 582
688 689
279 482
741 902
41 938
281 611
382 638
126 441
826 854
812 973
671 831
707 932
707 728
757 932
893 969
318 368
143 829
29 446
994 996
954 979
302 844
656 679
953 982
602 841
205 880
919 984
156 879
767 872
669 811
933 959
294 772
933 934
977 982
204 326
281 836
13 389