840085483
386111168
954065528
345138913
682150733
781826948
957432542
723543975
990760651
626397972
82348525
640335741
585981670
200411557
576480701
181117813
726875323
150703617
621718133
648638203
572039196
429667493
789601090
592771089
820557681
649721715
199528505
469427072
121043699
200959751
323403931
503123455
857599387
84178278
450403179
579294409
220731644
781371298
384032793
781246743
972281177
222567357
947980501
923677971
142085354
440664659
707842675
70657813
41288272
958231015
344767732
210559794
500593862
374191613
774636751
149817800
676492854
453425779
128720490
26246460
562723764
704797661
422545409
31830766
837505747
676964825
180636886
780214175
55851414
577102531
544871904
975271142
592536719
21037003
753834109
980780908
870929282
698943163
373110072
184036129
287195197
923974076
290945842
109949008
979475344
835101856
981915293
589902731
136494713
85605246
4773867
58856589
388925418
865251194
503187709
757554146
139696663
391849971
552216877
558488988
264165541
266856651
749493171
683612114
392641651
648248913
210075189
49445318
171347539
420710394
73718542
137928389
747662844
126014453
396430931
740869604
875313662
303406730
966525228
14408313
921756734
549148937
408241124
941057618
887663416
807024655
987774907
442839691
844536093
922254361
664719011
861542520
603712290
579225045
770630793
288059284
714534964
790901706
198305906
442410331
634297070
738396091
665075193
745374756
570672986
401090889
787277568
695735303
970015490
902662312
419229373
501977580
306827973
167918195
527235300
732569511
509392860
886585838
694327249
947226070
100693877
579084559
566369095
831156540
437175101
373575639
799631114
338586983
227166081
890252873
72439642
153376118
841118825
639580064
64409987
145875389
635181470
179492922
861650061
46113122
226685503
321888705
16721021
858738820
603723556
907093002
523040280
470066992
598119056
747764466
250221701
740861009
928987408
266722860
642383958
849419900
898187439
110604883
328499575
554774447
331521529
559033621
227624756
535345291
763420111
97682400
378753275
465254476
815953977
677932403
236801338
518790401
405603724
900899568
507700410
673496606
711592929
461925453
160063425
336477500
840222488
977431181
80512434
96192093
542855898
541647161
306352635
212833305
663110079
654839213
208841128
819914783
81655579
546682268
319563457
926707447
667431791
56655143
480177877
609550116
387543074
303042146
790117794
507321843
854688028
436153071
116622914
396064647
609294234
941449898
377481025
589105102
597875293
940600985
89855205
815465782
403179047
944913452
623423024
239686200
883418313
238061879
673096624
443455737
194527522
451264191
945579144
690883592
532400744
691226713
115199033
381026207
698496785
724026350
695454135
526082694
867077422
759690825
127093231
177339412
687134696
37368497
469735872
21423
853081939
833487977
66488503
958373607
968736736
590324395
67607932
161727232
557835206
217159351
778944009
819095762
668055538
788593898
307007376
151594383
609255881
395402804
988445950
108478695
120364514
690394868
927806398
247368486
448712752
536301896
150765946
889113135
250880169
446739601
752370592
572057216
344512870
879688651
605771732
821725563
567318415
306981776
50238208
924609884
647967848
282618400
564779980
19167493
720031407
24895075
37597319
148469950
34773759
36864114
204216317
388143696
487028665
165909363
596810123
664067539
232341447
149553322
173286746
548952372
675875719
401302480
712297671
257062083
902853401
756040722
816784529
2768
632666086
944303014
159747210
398861042
33045067
911350731
251193806
62506896
940544744
55586820
206165871
237734038
202909053
799749273
346435323
490569639
130646891
967689584
230109994
815766788
457240495
57278605
203924829
206624445
235661116
341777721
74360214
644946718
651896676
346264365
264999316
226984377
155732369
106287274
161580119
274472550
45370033
905775236
662995893
262087024
761180965
143868698
494391468
506948373
232262244
968015001
797404440
494040099
813935657
981154729
902958218
247589208
504295289
856349268
178281067
218494831
197033503
134921374
935480288
376963432
87850520
416818166
216735937
214730396
496208406
887499777
634683846
843978644
16545438
504761056
459755441
606000825
464354008
743965082
44405258
88767702
534923919
21165988
916195343
28376060
723094310
711247333
77127644
64909613
566680154
147483855
514187957
81523475
837252681
975479593
241224334
395547781
365891342
337524770
200662195
146614416
607919400
277439217
962711172
495121698
721172924
757992212
893015343
253701059
631843489
39425710
989005151
822655925
554113094
500157231
103906417
388309133
167932162
610718011
208116407
427883267
856345844
601487259
393384470
241648788
710390452
532348881
739117685
886909130
899443950
885045516
129379594
578746799
518327897
855516423
980772803
49492220
280731473
262881508
254892806
32306518
77285621
209382115
728498712
29668281
161463718
337721812
80693355
607457692
419322399
732874973
664096145
809124374
661757153
49254301
558031056
662850492
359732835
203608611
465617157
660211370
421334017
627665187
70296660
547774284
174909547
726387069
286064541
115019701
869943357
692193258
899316636
770311681
541323737
788255704
285956583
392169546
712678715
6486425
568792638
52729838
288770988
82399231
588757875
393104677
986902910
757289103
792934649
601642181
776705283
423664625
833346375
64192314
266367755
768384089
973907682
424760631
249871983
683793696
743417320
823544075
896480570
716842614
599368457
482213671
198730768
638637448
738851414
920180888
601836946
60501469
721148844
783926273
246450353
690760220
80093766
142759024
770194621
327322741
168460331
398127639
929122004
373913725
520963246
762643773
867127721
765826195
576415278
459608303
908604406
77737074
58185345
698533038
216192812
475567965
447376928
721972208
825900556
400264953
463421532
911556700
812447421
424069593
732217780
519003707
324050190
401024675
813596436
472136272
758868818
135848427
609334459
935784386
44064130
137448707
250790045
703649624
216320221
763682575
756010865
757845526
191252290
437017272
876808573
292290619
896913319
645020233
717205764
346330333
767249305
256684685
337388943
918103139
73901694
173448496
614333961
296762141
570441729
540721079
598205620
914241749
920498328
903202251
65664179
591328466
710649648
129003359
720653907
205068890
241945276
236288441
89815514
650644313
646077763
380551793
443762886
700885057
791352136
204064626
157713386
53001240
476806897
424337713
855323567
746360885
32252823
196911696
758497406
710693413
183354274
91508159
763282872
651740520
638973682
400151112
805638105
128248417
85492246
506976141
265019562
418102748
445737965
292105008
720930945
358972295
604133277
881245848
990099165
395325674
337188839
751530365
317281038
595166893
792519836
311030462
929534214
440911934
33695497
530113582
133972102
170705356
670807658
345608463
721139027
488769366
506902780
668079233
288418703
732179468
465087570
978915344
519623280
116218767
426185102
630795795
81288982
202816442
460499663
810419569
438081276
150435851
715509975
800192021
87664389
847087626
310267843
308397901
232859712
890832134
680440957
168580980
264280933
261508949
604315224
957766834
454703550
805848583
636192483
872601109
427669261
524540401
396644460
460248599
246554621
904099092
512843508
81200749
406757523
237184523
920257692
907000879
602085602
630226885
25265477
527816750
385402562
244479912
292742016
595767760
436122052
802047824
522222484
883865961
542805982
457613224
36878605
768209686
10008853
684392889
886751344
190890078
3124271
540370102
396980415
279144491
919699942
127941866
603403140
475584011
174202781
217703355
352329633
133144040
743503145
482863392
856404874
668040134
352011935
242324836
387917057
119513829
174910428
853085759
911865602
581919546
89154029
469742533
566122324
672010841
120948569
920741185
812996389
136834962
330721458
271797274
788367076
468906984
158394233
973830278
380234299
700059217
822616807
489713811
917054484
745059988
349625697
221319918
775482821
463463900
658281741
550093099
840233318
723910962
587612130
619532930
850803924
999384938
811387416
611666398
441517835
738815614
509056633
667641328
751000606
420813254
869215230
930219239
186139472
531048877
940672234
183739861
816240018
829824449
160513744
803011786
940927997
402372845
516701636
21384933
814398852
94634723
275012578
170091214
225569561
11240573
816969554
332664492
296369639
833817362
182095176
62979745
957959337
456847154
222506294
195018204
368577236
45979651
302052834
279364327
662179575
814078431
408874841
867817351
503203815
621910979
926008452
744505948
682438093
398632575
188208013
298983768
409735982
423620214
307158952
817338884
635496125
383389294
369280524
999009226
201805661
946448924
376129935
703886569
539184079
908547631
59848293
72476958
571981978
467817923
971015883
877782855
754763524
595490993
855725471
516106052
566546021
117965045
817690107
120075328
83348132
282828374
975827442
957722627
206106274
893978505
106145334
75280902
846656657
593224121
792079853
983849107
961265420
107186878
42377422
683866640
801909209
615944004
211971142
955908793
983375306
698038692
748725420
565535183
248542103
705523756
298470049
692066454
410991348
984285303
306077281
742806446
931454036
721340068
93509142
742091754
377103745
639811513
928551030
897282608
307335547
317879767
455354817
408777632
937710736
464075869
205657503
332580351
523073579
755193151
147206657
71689289
54282510
593519961
832770722
826619483
479982994
259608983
943398735
33036473
134678530
245520358
257757045
84369719
172411384
548301024
513402948
876346870
739248946
406071137
338203726
940557006
619046850
836422192
888312569
404418552
814721122
201953365
504194510
167652855
839121512
944118344
694277247
745494523
669574529
50046213
831043990
536698768
557641585
86820014
315209544
238311940
290184375
864442189
715934257
537327678
677731316
23017576
807247176
596102508
160311488
101863804
277726329
996684149
623001895
174043900
427610236
763507282
799792811
938366298
5194749
919595988
808990021
954614683
893241838
986294943
338137610
793244592
731918961
683278146
80251891
389643368
219024233
700827135
533958657
660874566
942148343
260956403
67695243
440043012
225649852
278293974
876105782
909836329
395607972
401520016
74609290
157056064
364000734
319329016
343128622
332163887
936103467
201626430
302472761
472733471
632397042
532847056
685301404
374025858
802562667
263557317
573341146
690481291
164133594
696016402
307302214
836442846
739321658
891227532
941869143
615884277
544445556
172599993
929660904
128181008
52041490
430647285
800230442
344293046
370303411
33749665
124240844
911411284
839216742
689484802
502070046
209301272
367210623
259453102
122228747
511123969
472892281
277408104
18786499
981808877
549883027
290811471
72482610
864979740
780749163
762964254
865709229
101412740
105577054
992069211
194283956
559530802
287373222
261050079
302803012
793587123
885085946
934496376
250568714
209289059
358343754
179480199
175648058
663235115
386179643
339103816
613873613
787588695
890915724
215403872
957524571
683821762
115420076
484002860
309554475
157447540
131411559
819778745
229182934
472613884
408446479
974334417
415315789
679267860
931856354
760372712
996068268
110707238
184397412
1611252
807861871
796756905
453476939
662781673
346506763
69304182
296025610
808790903
925099402
115182913
280158345
134173738
610608088
567451915
810326864
842323458
336781913
218156599
318664142
817436628
578573090
879641727
102920828
124466303
176804077
947379241
60390611
649269421
769931829
662453172
855593715
385366251
847009885
719866070
302777253
758613917
850741007
258159965
552318398
554671964
693690576
47273081
919444418
557733196
517625442
373541476
713365072
724128925
512048768
507954440
183279038
152282651
810630088
646048736
582825727
948222538
659012926
921441668
795547593
367399404
771913849
711310014
392447137
179439499
967010860
565371530
321962093
987041778
113824308
914463364
968538365
729133685
277891460
262333195
414474353
25467939
804286645
195107978
297136236
776795407
239068061
282584624
329814517
127121359
600198332
720473261
543192594
933225747
248629692
854806011
466839448
979802835
967778000
938166671
862045541
66871476
313261899
849353652
292537062
401349955
742751510
501968502
105030907
639381769
377770196
61540645
228587590
722005346
75948800
573818785
592216834
567400210
704204357
195909253
979155186
519719683
562421257
247366105
605560126
38733490
350899524
565853742
987621759
921285095
683280853
538759676
157353512
519551671
992956495
789372915
56587119
900651261
179052802
586598757
751748716
563792993
290867773
833866467
716528112
923335494
118545399
578621545
462293651
214619864
693887369
73363226
589576806
222547082
886005106
953501727
384330387
234551997
972428270
565329988
448025086
677638675
216106165
765190092
921720128
449301877
374984236
32733002
3182340
819493368
457285157
440563351
327636657
85787082
393046258
541417139
726272050
956783937
398663688
966483744
834734479
102973325
400844531
462807835
98017619
464661928
20847737
120059715
834815745
216506029
866972244
331550647
38216900
566220841
197789238
570993158
358668317
173841901
409731604
328816026
592228723
468890261
955762645
725362040
874836635
594979428
193204316
667280321
117227787
9174858
233129303
118863456
336691461
445446331
859068710
54928212
299870583
91343986
500698923
672693712
906947972
211110101
975573616
820083711
296905243
674648490
509989132
75588248
394180746
737739832
561743091
871416277
846353350
359008872
855522849
669649854
983012952
386639915
826185152
479523763
492825789
449434517
276328762
183667584
39690644
308503232
158656273
474660976
402812045
369113954
482111133
991708786
638440419
885925172
590885493
133630440
629892127
754770889
323066821
68164569
873033391
533093655
32633435
157132860
60856235
333240178
362948391
385989471
520882004
801300
731718305
205963934
504395498
706562948
72382962
864994068
384086220
542665788
786293159
213129490
678030003
816141299
814209536
934719345
790285418
831070611
310611209
46690304
493943947
785215814
197747102
946453024
145589208
782014098
751634504
740484191
654156766
943433668
278930550
823369933
243659587
318884190
645327348
306914160
746382423
851924168
143570096
435174335
402517558
933771708
292525839
2531313
548758874
48310339
637315331
713951329
314108816
77003835
357049283
742161904
788421270
759772695
442299135
992472554
71319272
192889147
508237408
539185844
741110395
54903694
545320173
435183880
630459504
561606949
638225045
808950249
944947113
715893516
30326822
994078959
404259588
360559923
997065767
87841105
423824769
12889479
614547794
875892952
382581442
772797999
393645905
298910892
506408898
768016195
263374946
752034720
683641645
836892094
416751514
721647804
469955849
485412054
753674208
277825681
662002077
967362230
782662793
464226905
161236198
196719256
634547437
746973965
550723143
468747321
752125205
712224348
236065970
311747265
648328456
265519363
369414845
672258435
157226023
294549376
1721017
666069372
334620406
481509666
19642177
486316943
179263253
662589713
441682214
212353548
624237229
375879434
767114834
123520416
384691443
476885034
243544452
814299140
218832530
367318996
372581364
416582975
598416227
718935952
616946185
210566054
890971651
764803240
747329502
840172926
86542769
638498580
340874353
988343081
382093945
377336447
167887575
617568733
316000504
614033931
925095329
449093074
497233968
92119265
141600019
71210907
128228374
909218123
96073657
566259759
972373034
282034944
770917464
201543173
700126487
929278037
841313199
550615751
328037107
542105249
2873149
640774163
654858110
265034072
913751636
167392412
592893543
92599994
353708517
424292068
844411755
381621708
319316739
5865676
192791508
880584389
997392065
284761835
543965453
166314749
53573597
770328590
492674205
851047143
435751017
189679901
856820846
112471422
823546597
114346697
759612053
559547916
839489021
696272215
854925301
308999322
241344907
405351315
812107414
58184092
177089985
435606344
16500044
627473883
474522432
521132623
368837408
981326643
704521191
341423038
458198202
69236154
357933692
75526873
710140643
935333467
547962986
191660568
678021075
651045196
334055141
501742382
891344929
547301360
979909567
121706051
726945949
251347789
384888022
505651275
314019308
290085158
450054239
406406666
979943232
690453233
361542226
216942784
390411044
462217154
979197160
179241656
456415211
871256514
851733166
298232274
818999465
35352098
304912894
959831752
214020093
353615515
520969648
469767666
902626555
824436986
163211345
263467086
863302254
76201591
39587622
681983607
742385019
964590469
601929866
32782761
382098935
972535668
245926346
912226841
501108739
624302592
98529864
461353976
611779648
531002566
489584038
93743292
765592910
529973782
305936208
217299253
253764499
776054568
90747782
602523061
472019408
271261219
796153102
856495775
116428553
799940291
248031432
17635648
313385518
403182818
633487064
896683635
474294149
75489354
823593191
611932466
40278999
911922382
213596757
567072632
450664500
327032054
641357772
153618518
89914553
32138696
561503669
150319933
977429347
503624044
723216819
962636743
255038230
642557102
41915085
893154148
923201807
601245376
29137415
614671652
124115498
630148507
264664633
367831702
850586054
984760024
242900677
650414947
657304207
854626571
929394221
107093824
581359257
443655291
406253633
592090715
194617529
528276270
93370018
198148001
958318920
29907904
4110
525890000
175381230
566414259
829313964
950731159
623154596
113484459
484295922
316104132
999363785
766233807
331613851
70431882
265599411
711539861
614408867
898010019
856840028
570650499
90238155
322768421
513477431
463147228
432712210
333113137
277837839
234401650
163232534
304689152
127916664
499061373
555646061
890418349
698215223
79815597
414790907
14965602
352421912
398788904
809250486
418640227
624149979
155225800
796113887
233488772
765050136
113274276
8103
220103353
272383203
310994829
124135150
258934011
794704519
258737958
819272459
121578364
310916159
861040565
320883827
549664518
404824241
616089871
599569190
5652834
993168739
530894253
202646627
836159165
87912902
890866265
86292116
705795995
767163732
55842542
481372934
325107352
672756493
678285055
267251908
47381006
83202457
489944284
266692190
495716203
144077681
915308085
237651166
709701341
389164346
26860172
71717828
545423269
528329480
757686427
112398924
656947409
183222097
69280207
309317681
952330815
166217469
811497108
857833329
883240725
675014496
255247748
348546947
672917354
914466848
95746650
33522402
519176425
709738228
592150236
113076733
46973825
146779079
643519177
120376110
774530736
12367789
806669213
948190573
188840358
181545091
212947961
77198303
653244882
531689270
803909250
263908939
883869763
537485621
660485531
967807090
545816518
588370366
99762321
44478390
106318516
323993733
468911647
657512214
761285958
761706691
346480027
148118325
389086189
528409240
780170178
387047043
860257798
24485943
744651618
539777674
309294847
476761843
508276216
292267013
325875310
355672126
612014116
659235748
745015016
585749694
962412756
240488081
346390747
737355057
185634106
870928679
205864597
308790418
334995249
227411645
525142761
112813825
649128042
826496528
944377093
555741218
429184412
16963887
261263914
317257917
789725933
279968688
463800858
458142706
799073484
694777970
108205482
563903981
482632809
277225533
826437624
752670760
537832588
15649408
567678376
297897704
81317243
219884319
427880861
379156256
66012868
620620894
705546405
620877615
421829308
539562273
171489724
805226022
749211399
978698101
164318576
644073451
526664545
254801446
779579396
681957376
441787029
588367410
567986111
293610588
752516931
723767860
183466641
885391060
366380003
654989462
559299146
192928843
83119561
895766793
179200101
427332297
410416795
92428358
816046599
111175445
135861403
16014377
393789100
155007025
150483562
880913888
607418598
49035189
745608147
845688118
418742623
337074810
966102259
584661804
652834130
987781798
545421920
734934363
137963576
720797922
48137321
476359481
307557203
315606685
429042222
714398440
21204753
153103107
18267993
506997795
153823717
400699944
512911076
918610344
69419886
162714505
758208133
350078955
778245771
62654444
530992631
632370489
254082625
790992283
616084684
634255071
297902783
101573684
318091458
266885501
694972638
577495902
897755967
164769273
957283625
668825128
370093325
819176739
830957961
661667053
623182643
736687235
499102699
179125123
421894450
105389723
254331769
943615298
114145144
195996993
854034172
306794963
100513512
148593062
329851968
346994472
587963766
116474834
653300911
436020645
967871846
654798539
501808654
682299584
127303554
422842975
270680782
925694188
164799251
320870173
537622677
873265043
302079639
558146907
81099150
409574627
638447004
326348969
191833277
880840450
218827612
98847687
94439413
878017382
122290795
104830467
152208277
556787206
347450327
936315061
460455661
224251554
274519149
541371481
562018305
301065674
487358797
601994589
286809886
867406111
196434386
476450981
305347616
61146858
814449716
672477456
953209838
557917495
234134329
152833413
463834086
899393921
903344939
554444992
162666987
804870191
887338733
972680124
457360865
490262650
531817258
90123300
37313880
48290741
757972152
779003455
339585826
3064223
225403411
890721541
866493274
215751492
32368844
333904074
403246459
650004212
319291705
360024877
645905766
569232112
212029325
368898494
483834606
59963091
282661508
26128153
560093577
738060674
12415151
467451990
76614073
520141918
464248532
577476295
104269454
163539871
229219022
707352984
938619777
882690190
661926485
821308245
124970153
558884899
379761899
634538873
501509674
5563680
759440430
618138593
906391063
945579936
99633627
448192392
652601712
389197887
496222332
829350717
738458768
688269589
73737121
584306004
13040492
142625860
108681653
891124435
934210859
908544630
744227000
182609017
363889201
681202525
86614591
401837373
813135119
207580752
545261464
256940487
286549396
343289263
455552030
199830402
321476422
347897596
626742001
987050383
815401353
197252219
667528857
303772058
945056272
536895374
840053393
408513269
287619448
84752517
556086152
696202524
652145421
519259529
468394244
955409984
843413680
441208037
628909394
981011316
820219390
445055999
738044415
32004553
464229283
924182999
294464866
441030159
428308612
135824178
10277607
687967567
368398008
361031440
364608910
122941555
576927476
372398146
551294178
811303156
790338556
545554202
665213624
215300547
73149359
161588052
367040671
994679033
398701005
37181994
968742618
651911087
949164919
178877555
276262312
354139207
572198851
686361289
284217056
109772738
617804093
996955671
695610384
441120962
950051692
464120871
285959057
232295835
373726549
776936501
132001062
329336982
667985250
778404403
210574983
48494339
456324189
75705004
758294434
7765016
598627506
470344171
962574140
628388689
780608176
822212648
595025525
253090546
23317698
643329507
226018332
934081338
150603558
133069333
825021984
569070998
674709441
949187115
898365662
73228031
204885624
608618792
905444369
714857090
233629763
193513432
776418428
903065916
170874259
425782353
536553478
453014636
804930783
344844231
795321151
473278506
970296932
921914962
355855555
909168710
349991293
617727231
11690941
883264155
605997972
528809274
310737194
58216500
311311646
191737747
508772971
221981272
511029963
370001636
22394886
548074042
293643569
532484958
799650348
295031488
52994876
919313497
348727248
988953163
151453239
8041722
366473081
834290595
470408509
916760582
380345679
354820686
226201440
444832974
499471764
770038948
570085019
268504187
338137627
688733211
941194984
932902196
774113963
776090009
942762305
876881722
464636295
520419304
665392175
560458529
540409002
997425953
307470257
131506230
564924300
199565550
491588801
814053767
902558078
850369914
168593852
197784869
354719764
935618677
997379702
251587058
221345716
249999034
217510262
501230584
137482490
402669752
805001049
167793629
758692542
448615384
415110015
541075441
380397696
963192139
187159585
916680110
936867848
286826991
278089127
942976676
79550215
221057650
658681735
618697541
344139172
255305322
976325653
110845071
557877865
484425304
783677821
928206233
334508691
925880726
560524158
516536745
817712353
382959155
554509985
664376007
502149516
706775947
118109905
943086538
468191095
374764255
104875855
331924378
397474161
669739028
814743711
188925273
290152781
54551035
611749833
21369017
204862758
161032314
850195710
884120808
413800188
624697417
962681216
901515496
508102766
35126488
815712934
429328976
589673078
726482405
933884461
694411188
494999063
731268610
696614699
678015354
365041223
201287027
464519975
800548804
90544562
402205834
991168845
772420313
837696925
378112624
338229520
868797323
1997019
39588892
339524716
390937868
982640153
941524557
315913960
820404285
894378397
386525342
186185959
505585049
902350326
71119262
730901717
817649432
998228193
51953657
259751146
28340686
797430348
299350784
999241669
53508448
100303065
639908993
37681104
640855461
339181793
657881312
723928279
35333898
464256584
256717937
288807331
555945001
790483517
433434322
634959474
930733336
49592791
503258530
243173728
719063015
168390418
398613573
816877291
539824482
406508419
942316274
501647877
919215606
685664775
267701855
534517480
942202736
44951699
771581587
624006483
581635518
733398206
968464785
572498442
84390014
489059809
998209505
243680577
900592561
693062497
676218643
653046622
959235847
603490221
703731981
143301451
579350294
271691670
334521409
425953714
323053764
726506048
926758882
423164329
191408235
42348584
637692435
10673502
183523713
683028170
321361090
500357184
185217444
457961094
440219368
739945380
391838705
909076592
217494172
174314287
104459821
622503174
477044715
263618850
211413125
79260255
497020119
191790110
128558333
179443545
870291082
156238592
998402515
397454790
824670015
266686579
304699449
42600021
667643819
436243394
328213649
875652040
389029592
192166475
560502268
196325263
638669489
596207557
749193458
485824065
166127155
175424696
307600271
631146994
171135734
243879172
631670580
938636073
760951653
925363807
613450652
297191686
585802785
835321397
488585687
609087431
342785949
292642762
671471840
866996888
417466451
530186237
953481219
682742344
996546924
391009462
934922510
164606054
683461618
368357035
560636048
110945767
210754564
348269973
412020247
555828226
722480867
46223618
910132776
552055939
573790066
486054328
778772432
802607003
348434146
747504675
884644124
803162324
41329889
804621544
158342721
594078316
172307837
660568463
89399956
359716356
15064202
81785144
90238191
541515858
849675587
725700707
624579925
635460246
85642241
794639999
703534996
191724269
192800633
388858598
669162111
432001237
240098148
893251459
218243281
415365928
361500851
409706523
589498248
202760209
518039522
499298505
600069862
153102380
699295375
32734324
289872524
263830852
820072328
490682417
781296280
933741798
499731348
889863382
646146292
146942750
291865958
876972413
649857943
586105402
72354313
736358702
984707631
148682280
933047447
604741954
132860180
377960487
964377233
401777608
175427167
237249754
114916139
931770224
862548340
75569693
80533227
842398230
703820548
680380428
811060897
888115417
716487344
480875272
283252953
469837692
373212848
995646381
817526059
414043569
235256248
230392217
687099084
619709949
463537518
854199757
979423981
929978805
296824745
852920003
911033923
995729900
17484174
230863111
299610845
29809998
161645962
133195048
597288534
910043974
214428416
426216559
739214930
172486267
379359386
975324813
761111407
684214109
518118746
111808571
982639883
228867776
685125690
629209748
558088809
45157670
249360465
147140635
75274211
70831406
679416522
582614934
312521279
691133043
460684934
633199808
7482309
117677802
314213536
706753686
441141619
198314572
610023407
672862953
845241908
537358803
521778234
60750140
872102716
814395079
891395203
310943830
298223309
105605959
545897849
813759720
560529988
684053228
859078302
817728325
434729068
629641408
418433870
246156052
856171634
538738328
559218455
381559159
922878738
635486104
236850415
691448319
318316731
662620850
421421519
982252936
459375104
716041856
774923976
237348697
497945776
151241092
729880361
444466018
669384060
52860397
946206711
192329003
457231317
85180427
732521939
341590992
489593626
238495342
654170685
109261496
294978802
281373872
865519521
832132508
490617592
415906571
907231851
939576374
279109305
798711050
488889107
685688188
181838665
736907098
725274297
469674462
812873820
265470249
111407692
676260121
885271190
650471036
330012096
675025844
717621693
752302793
820975612
331502901
727476277
732816518
323531501
195099221
254896881
556821202
584180296
684810586
865777160
696374861
454030636
210483860
381617020
580956737
971121579
872272143
659241906
531047699
886777502
513243874
38005289
92732542
661050777
842284865
57240823
145411600
314290250
652348002
14248534
923314777
649389400
786894905
327166332
28403999
844614570
440560951
637428818
437160777
256062549
40367051
662746324
939955008
853232224
444287938
129910242
185077204
39634200
809073517
59119308
888065118
354021182
922117564
7213580
394393094
658322231
809945544
894818947
835528786
625900465
472970255
228946504
961442995
411918181
292802059
119237005
290224898
638482116
996584400
887957179
37842980
625297445
459078461
56858520
794915196
399687404
497296310
251063746
831050400
678329665
972893530
51309740
225469275
485061824
225872566
967147968
278420758
314512043
505607848
358338516
536197946
57892216
997225430
74591989
960816210
805523848
299117869
10373494
948881166
297769495
831531693
869790288
980200680
658397130
804922669
113034716
443286461
211995743
866005312
244933921
516691536
751891213
96160020
202303587
591432065
927178979
52230533
964383505
103029578
434921108
284630052
207028023
313721084
685151463
767010453
524003875
952704577
951381518
36403354
418393730
361511922
149914340
120841932
840567266
86555805
87979695
321243736
854249712
368955087
78043382
482626932
361531891
189921100
395720310
34654856
691288954
855417287
468692819
572677183
105581642
977871375
295591375
234313553
679154365
907175704
816396043
958689649
477245086
428505147
202658511
165163626
355801593
969560161
440815456
766508825
360363587
554703733
184487608
740716745
173302682
988861987
338295086
940395104
682373370
223472778
133550015
443541473
92525851
244978185
10528734
421831710
173415339
246088968
499519349
905273753
852015897
267095176
345294925
578863329
19875242
119993051
878740786
603984864
308884805
426601132
587740503
609574371
183357935
32423673
473453629
891122736
995709277
700548324
75825726
703617120
730958280
602106249
71758628
389587310
483769501
130914862
397180172
255345793
733889590
508996475
680697631
421673817
943282700
623394659
964709149
919632055
650692135
88678810
496985696
130415861
207644162
615843937
356386874
632120955
823964959
188026154
227310773
679030844
802940437
555913413
150496144
742867230
905469723
477910820
198488915
518715093
827642434
753836342
810403442
823894418
605349361
54364036
43910692
563500028
613965831
448792184
451575319
797933075
3462898
864285149
431008768
945784926
312378758
154425559
686144194
636657550
795942043
178985493
430241678
98712119
709269590
117844863
55136366
355925137
293529179
616213421
439705799
457266187
708371008
189890644
328459626
174916054
722510160
690399284
517464850
560936325
62752072
348439510
972644864
633866991
515314073
310012289
959994395
446139889
181018379
660130
474220910
274004806
165986912
310217378
127195948
688401446
754780354
152904144
615579244
430822172
187810634
467870489
211391068
691105029
138120358
551396294
252783561
325589778
657949170
259417604
682524292
460490064
7405113
934332101
49626992
196745333
222624820
273239986
380984436
517920975
74168448
960755438
357337954
199113138
764487895
35812565
228592662
119747175
796104262
144255346
89314794
82298211
581338128
907449177
713322205
602873945
295466724
7605216
129898765
583819118
736869741
805945247
643825820
467249855
503269476
15059205
200341550
509832944
62715911
181034568
244295583
593511547
260834334
113674878
471575145
685539922
3582034
313213272
314248780
829270153
838445980
26941913
729604954
583072855
657956755
957940305
629573408
142702442
282596250
852503940
79736854
207418650
228300915
301637542
597348292
201949943
780482267
250136094
368312550
474023043
124743991
893150998
311728663
450224166
108639960
233099373
3237607
807564706
780211676
945211015
832062062
393111979
365616012
131281864
402174458
947334010
808040133
123613094
220163052
508601710
932509445
215335491
474076983
881214495
241917623
529265815
310435795
220540663
62689592
396468158
962099674
126276565
649773643
867088269
293827154
378706521
44073082
430708832
339394549
752349760
172399332
380209360
861037299
558100772
90357448
429713174
634091800
135133155
28593252
71891690
841040738
799904036
881961512
211323915
131917086
727142429
714484569
215741880
808615998
961470156
894379196
998711291
378234755
553403277
515799303
826164111
140929216
142049514
189372252
962919530
856237420
910442594
84115391
756954918
402413601
193091673
1711082
651458705
691080384
103707027
79496405
952319678
119585485
58767401
881372597
749563652
424177902
357207827
707859059
801464225
80511492
527713357
371298781
666911142
99901639
662636206
233980378
208424139
599752999
243091728
687433974
233742085
114978473
974305748
72708879
10955256
169081519
208399890
180193711
74228517
610210760
431126115
783653609
89441179
722223945
425006195
829869035
100306735
776731005
429411248
858893346
339390355
664739900
392226889
485259971
100378475
858859729
947098488
475438302
439053091
951042199
799124008
928922966
107472770
955113979
981001994
418789331
66083581
950718567
898378387
394078499
896735990
817683532
586478492
335147169
520556656
655127269
748878059
907347171
624654433
304767009
593462082
388364629
117990917
774550744
822792234
108345988
324544211
685612300
774348338
487891312
936299834
161617777
274646647
578082765
288241468
997353181
729676134
355506152
795857649
691489049
292327527
818153862
740107137
138465974
900128555
921815216
359864686
461006090
646921670
602720629
717607612
801550704
510663741
562178263
240728626
298297060
791928759
957847992
469785259
114459245
288508337
46856850
529319093
416562951
33116299
147354283
975663939
487328760
68698863
97604324
567767245
218335122
919526028
360042778
514863414
221185473
149957744
511162246
360766968
184110354
985483141
384726329
452981244
203462426
134649319
793246749
430275500
126646712
378481281
982582431
153123907
70436988
167050754
684140440
193004036
307352683
729929024
186143658
272266404
612639211
860081320
285286474
509949983
814706076
739884333
412840388
922445289
52005729
891857629
438878485
154859075
409170452
115527899
746516009
216929259
877969158
683176994
300636547
90610013
29595780
374565279
942986135
123737383
671456353
32849321
496719149
276521078
449993895
104319946
573135646
326130301
673585104
496472333
136907637
203262888
909031593
205622767
491954011
213441072
992981615
620102711
746501220
347716819
911102481
175740166
186313496
271245043
547578894
293512905
816844780
191574907
101435643
368286904
205949305
529081473
889416436
312396304
919751253
194949159
752003843
695539360
637931377
602307696
719483459
927649240
79165381
650018718
833393009
575228294
735886841
73911706
561800593
648267080
285744251
710953746
193129320
27308762
913676535
608339732
729074608
326650984
583259804
7820180
382221123
862265479
762911391
620611240
645978696
689679229
641534453
828102887
258008286
796300262
205886434
533352654
11279102
550392425
353162926
594945347
889694773
194923365
937974660
151524137
62657335
190612596
302368939
76994632
834021799
334873956
837601960
156095233
902225020
992727794
218945636
244210491
650005146
268715903
468520521
771242955
100154821
732972626
832014583
78305769
16843819
476862097
797707263
177012164
712881939
175526622
692542696
942527608
961767483
790225543
817957517
648305522
129324890
475042102
455488988
668151666
404334343
388350627
612633961
329103994
584560517
789597915
785441869
494907578
982557736
567747999
95991707
510335406
411215552
357601142
384436606
652479694
845856296
956631103
329752897
761628711
164618024
703263119
205381055
563299832
324454774
675852255
841831051
95400205
770653398
840345173
420121793
534680869
496315179
287781124
270264810
418068518
33113458
427834530
42619630
391925089
302607036
757871376
173784539
110950169
934375970
38339984
958157895
349166167
492184374
362994844
924459452
427595672
603845078
343643777
513323271
644862511
417625753
914398829
695705900
264472292
216252828
273381565
906842082
753751508
636453178
175614101
463067604
468192185
439069456
783587277
814951990
422965779
325234660
935731314
521882769
369818982
129055474
479636884
9025884
844202960
997437629
852383899
258880397
630852840
991154650
281945798
942132311
703777926
588726654
563521454
176213238
367540974
870941957
658584293
719589618
519479326
651022845
194431673
600667331
140730075
632843799
360905138
918824738
381850676
839381180
734722181
370744887
934781857
764993872
433428527
531086260
368114548
393038456
221304785
522221813
747068329
542672702
929592883
909343997
693023593
49368548
936630922
594806733
24009599
619365166
960152575
289055155
31125424
635888766
863077570
590347469
828901448
875798243
392565785
418565872
935323690
849004274
907897263
92842656
147094598
120471386
666894441
363883801
356477094
941409459
536383216
907524585
421786077
346167720
422187292
552534919
676024655
150599780
488123042
817173431
130148891
63611466
246726669
689386715
349130807
28475817
234183921
408610420
282367748
524864722
943127856
761028567
987947267
597533982
964066219
260003833
722861952
536028190
458776555
270974441
933040197
437635105
831427451
402758158
353339255
302389277
60748720
207675296
176027151
25398749
156119728
229221016
136481888
126202170
618473288
147078803
994306172
679448076
880367684
369715054
397122312
2586653
530183345
234353814
126967948
510306461
528755091
527971769
311101966
580967715
360996029
638368989
296631051
746646690
84798865
160613508
227171724
74836243
273425944
769175308
951947485
217707545
971973061
909508567
820377864
900477068
518475705
793361424
5911205
644272432
56241229
547402881
971619337
282455243
317791933
448131011
991113431
69829115
787342954
953750079
599263731
343879358
672701452
989801506
175306269
763466422
250291395
413253904
749058391
643771037
29754828
963478742
793987787
924827849
111781691
820984885
601660961
630474264
799232778
435867189
593531798
670657851
68574772
287309277
380735027
136596998
700279814
504057554
566750763
531446210
910890534
575179452
340985926
805038156
483915809
737439445
378400771
56678900
116876545
449362322
440387529
174182847
615651704
776026648
412064165
713927714
458335564
366097774
547130879
587181912
323980300
124338120
292001616
892228753
297638775
644718489
848571538
909476730
805855031
926005410
353172301
262098998
870251983
530339487
448468940
850653145
374739531
437918799
366376523
77181918
30856494
762873518
465397175
109266118
439385072
130629785
496264627
522413971
677266309
158808874
360523006
894638013
8212479
127816555
512088281
422621992
649273819
21836212
673109428
328002043
451240183
525635973
441550096
437053209
841997340
817591636
470916844
385354107
181700232
223375505
985944754
746140418
368747561
315155168
991043507
45139508
950330224
20144958
287356148
763001907
853529066
361544005
809492309
632907667
465338092
364971882
663943395
915136010
861004299
158881299
709486410
197820874
86503470
538783523
463591233
228056948
695973760
91958850
10931540
522062249
681977749
808518453
900087769
27421566
364823209
175259413
531616386
884805695
534098422
156811545
506682333
227387327
360427558
307650934
421232104
531547229
146243172
569992214
657342907
142185570
111246290
960103445
335828663
733758761
299070447
515152667
849578640
549658004
387140177
698712942
516488129
733348034
472856754
752404298
331986558
69619262
639656429
700363145
462458925
958846003
120183495
10830116
427819656
327469267
103241278
101775227
499860058
135629194
175335563
943098906
164494442
460289597
409712936
187676863
788255427
46581359
382578189
955839512
691672396
583542513
725163350
517851182
655094079
215740207
915818174
761002763
624429017
499957281
516317396
443226794
932984957
41517252
865872443
721163028
139965733
486352224
578686673
33010452
241318234
28846892
751989672
954764299
44157812
90703019
5450623
563531559
880477541
222043452
914372970
168380916
398465419
535831229
101358990
938014568
846336011
152869559
730277986
344846655
398553775
164085730
595234872
445051628
139215973
938470984
168778466
905768397
494208799
204183532
799945466
619940470
553057415
869076226
72509472
130516266
107778002
915191852
700192030
14542184
136838907
708053343
245956655
803918004
55066765
174205302
532398836
941645801
990582922
237621113
160261539
130578476
123256843
117538796
605153189
581432595
239980489
377701959
235626318
111542921
446742415
201213846
543477148
490405677
888620721
656935858
807743338
204419494
93128946
944862151
271020231
473612223
671793653
713261326
449920701
756232416
772752773
94062658
268702308
183374126
447401228
739132039
329458002
29231986
930932507
971322362
236414741
940402028
385659576
329865307
417589784
483355631
437101441
977960118
595961603
760131865
756679216
930244706
875653772
308578318
962557114
342235683
720021624
789891695
135364991
79343456
669662477
72499048
411700190
917020995
849918726
809657423
676807526
642287078
120928568
599497038
948505584
432665126
698549166
241860365
593589176
933063192
738025020
256389517
745846015
363779944
412198519
329255774
408700248
306396762
924208414
931927349
831220359
376976759
422211799
548570456
155587799
643210512
745466310
627068258
392261605
927118615
564906250
46633253
703014229
81730970
636615459
663742522
120223628
14572853
223602194
980302686
339156090
383806428
614428993
824580575
543277839
778990314
775837282
478018210
141909064
772953432
939420200
254287708
833310398
656078048
454227807
255961535
591391444
29909995
41676792
919893396
605166837
878061449
617453964
69498084
290652892
363094086
352442710
127601289
273708453
956059465
180443880
232430370
963877398
645248050
744188915
267778868
467597351
371836170
593002044
67413335
549165881
818627844
682026962
716680421
985016416
446209804
594722005
629306825
11019989
790752514
79736655
843752637
14302663
405948019
818689804
457759702
971229179
644936379
402890669
863751941
679634899
398826367
536825901
654496114
31207278
550289957
213044385
580736479
518040160
562422251
595345009
347444306
97969492
927873214
804023497
856968639
868860840
498373682
380155153
712183828
689019890
89281271
119437868
927337308
30823839
45543372
140585439
189783882
228367137
670049601
705456845
56107369
731383955
285842162
118653214
925002279
439919471
758892901
47124777
332505323
871230003
230505524
659847876
789844585
146047173
444249389
563221885
547516618
860156783
612053312
292848770
793936832
349645612
842603286
485655028
683467939
191061314
756116288
161430722
599886084
901235313
972203729
682070169
535971108
127722513
230153273
548874103
811431849
79748574
825945570
932744303
670782694
257226060
861595829
34724514
655513482
924323882
621432277
217673892
349835148
513274388
443337719
174710521
785438600
927926422
711073394
538143559
475709966
789064350
283923257
795130614
227466332
874290981
238307559
388380383
624773063
3404918
415930541
550842574
859761327
334740302
276867223
757049097
715258584
994284139
780170550
159023874
436176909
641111583
622715353
295274655
691770139
986713473
883888613
45328100
342038184
844557129
71468699
777419058
935547482
982315996
893496891
666918413
349761672
870869676
71926473
349334948
197691104
987397368
195171743
932237128
226774032
537568956
684741453
337674501
650281996
121200341
608258765
234435179
781046402
373086245
398871741
962755974
96919736
907344694
34756074
72380129
715895075
822655159
423902312
607288743
583711688
108019246
614113313
515627581
731343157
994325
901887324
745480726
109258941
969248107
560386940
786028714
249138334
297516480
707229473
938594845
728579691
447508334
944021280
705751992
996713268
237121601
132011673
52361751
346623882
511836057
174961402
908202861
320512670
801725856
901775462
498761435
553444208
743552366
951516546
90345014
494322637
410817710
714685876
887092634
756138608
508610923
82919931
375802966
850685270
892012144
658986384
694523187
329819577
994640939
223977035
316503249
766845989
124713530
847037755
792183996
771212718
573942327
356460749
347011882
636386405
941345925
354287396
221692621
879693793
531822085
877842880
610475069
798050135
549516499
765894705
471644394
62595594
555428722
200572448
130808742
258799487
489680299
709194618
389370858
284506136
47176487
887454188
391801431
367196656
397888471
131379594
115594871
49512391
559183440
111654029
725418032
869792757
294534921
903990862
675259715
751381105
468934707
180625521
59766291
698510503
284963558
791512470
595403116
138982175
478185743
626882761
762561129
234123091
766477833
551847440
853973080
281551753
795817844
949203553
792515743
689277540
745247297
532941828
361918306
910574614
838657819
639201296
992289159
903357312
748446169
766671718
838281706
545911040
979117009
59575825
422233833
496822824
295728446
361432852
64579292
759470844
158715124
50147889
98446126
181095758
610633708
480504243
762225209
814037791
170332280
885894835
315786889
872636270
919419353
894199305
158348591
508692330
494717702
919849635
101717658
873473349
803034405
708248123
27896826
69206755
882825305
752234918
681259792
625809403
191743986
288325775
671538712
564616385
853778751
542122612
790436584
512775146
596933
433098760
610845339
376453953
402602294
487028562
147577187
735914576
966861032
543285845
347397643
404789081
373802139
325669937
620001213
197594008
299084564
30145510
740145659
755589428
796465197
539355458
331466922
864822415
527808790
375674487
317266223
336206961
692090323
235241157
58092507
947062464
692338305
555163726
324308994
628065650
169199404
396898747
37505040
280811014
992512475
581403220
911850137
131994022
885150432
229333301
713365092
686496156
962162562
800624582
690815978
137817918
418033578
129897949
372645690
444614421
358460995
912916765
546910947
225196553
786850753
498567034
529268677
218987349
935734791
756737096
796037391
757137601
720544728
493560630
672133460
743724778
585462202
896997406
170079342
331872064
813802672
573668640
261937599
780250577
457637178
899879432
794868920
81395890
418849773
216345751
256139105
159061441
861652738
322503348
460629737
891132825
794882569
723161850
991769551
443817116
182626514
590435282
390984625
881520570
661929234
267207762
526327220
801740085
684026446
164970760
368359035
629075854
730199050
698057852
897697727
853180460
285327516
415928382
635928547
570934558
428420816
836622758
292352457
659228217
955357197
487918929
391632653
723994061
11674519
302736081
602926622
66110426
796425306
131382980
167483503
73490216
887880685
899464764
153884388
392695573
428490914
270864168
499930084
748161873
49997063
545294309
347457434
449462676
551985555
910051987
329435707
220034832
642456480
696164134
792434825
388625247
587360331
641212977
261875543
733401276
217062924
617627519
29689700
616051861
622646794
371277605
992293794
535999631
567741187
820616960
694731665
808980403
133753955
403775989
232375746
346648538
132003992
463532193
743575923
328270016
669913222
98875804
126742811
438039360
571745480
410512457
577480849
446356535
226989738
879044589
93605639
989469420
979180383
74527194
591660275
964853449
12104270
586450349
790297325
495625578
975395295
648853722
339031763
529354780
353001383
761804180
496571175
125632355
247966568
78859164
401286585
462479573
483036065
391238071
747664500
361476317
22071184
456119917
105189337
633375558
715667487
461216972
502864310
259486866
955140413
63901897
277556351
810162929
113815404
78183699
181659916
633150619
125596244
770740563
610010166
372605025
688203139
892076994
17024204
447076566
898055496
217318478
649481787
892155485
665422529
114837091
992337140
341493846
610162087
574084481
137542371
393755124
274331383
211974379
61626630
868120367
620464684
949099711
924902490
638454323
254070138
851560786
381368238
599056909
633778753
166853849
986965422
941405932
746873511
518743654
50158978
927277922
613328823
779102963
72673813
976051534
989967043
110790938
718292064
838273660
932455635
631457984
616451750
288276445
779022380
70018079
765751039
554557522
717917807
611090711
997760947
403822965
692955823
286954753
863221590
544267199
208114201
949552442
643327621
810467824
604135066
184221145
646884771
371615460
814285867
339124673
6295601
340274731
145946137
942571839
259592613
317333614
917319936
569766567
732150759
338572924
561157718
905701684
522750878
176766681
294480138
991768834
951109007
256423673
887230576
72785433
26108507
338540594
764552977
334967364
441674751
132361917
861726905
613600874
464250107
95162193
184167263
282194686
61576220
170015386
887074590
514768457
916693798
95823837
470211064
640928770
103426041
425173899
702539443
299545535
5577
381483825
534343661
402990522
479421039
973908131
729410608
156694713
147631472
105374879
667344236
220513586
102363447
941679827
125753130
75800682
666983834
782865149
87839421
578897282
630027955
741691747
805880139
261288960
891722735
810824658
909538224
651264107
392826334
611205488
430924428
867994219
934807304
207363816
704666748
920002229
451073867
660897053
795374974
519944863
761664162
895290484
822401540
695619440
962885787
395079846
275946893
278949596
806588644
277404019
481258640
486787944
234221637
677756985
626919182
409716812
344563512
509123606
980064108
29149619
602912881
944902651
831191132
575768510
490040238
154580401
903228918
427109314
842068894
56534515
54132073
674868169
921042912
184158185
707779273
308258388
740131927
81460204
933960836
224183085
729210353
878351029
515620498
835191487
790213151
805317577
680162332
969003772
930205410
506992299
298472827
120005405
394247149
612862096
879010562
303643668
139706968
426956911
621192636
148905258
305296845
223150243
217894349
892379620
295659776
765480964
321447752
864062670
843392568
788634845
838591589
405553166
602940925
537810462
627927277
846776777
994878787
393194697
842286231
330165057
731215129
113857020
311863606
502505421
367205772
422451032
765899815
979757910
203016450
127223633
664062300
184331364
345869934
83285677
39440252
262890234
603717981
710967066
447217221
544224372
916151469
268568685
164494861
782640132
34278461
876923199
839446191
299327494
307409693
795684529
77750043
662261399
81345092
62752391
277683106
125905787
302229264
267792931
696431901
880347485
81556790
927449483
775921072
815441024
882873229
471124597
140877837
968871066
395030334
441292043
121009335
715149851
827615389
319128881
355430605
539988335
77982149
919803023
609621938
674923790
869945164
714479604
695302411
370740864
214747105
960909857
80726989
718573571
73759474
334036315
983044213
677753087
781524517
962980040
695723041
90647813
946431119
223950048
444798592
825945495
53584937
961643469
426819945
477385943
749314619
906509978
473995062
984867948
922553886
653164337
243002917
25652953
453293468
588481356
956488300
492521843
434147059
193182430
397379787
493891548
197039783
531037512
964346393
903816785
500805097
356060251
913268267
522666143
645267016
770697102
840249935
711041306
273985662
753900226
915928419
86195267
8562757
2419241
174965273
429673728
875147832
263815686
291734009
924594526
254339653
980712476
668398344
739612277
291376719
928656667
419065630
641519693
492326670
344251323
47930726
191109707
112458095
296359804
599380858
229553232
638269474
357981262
857254682
434447542
10174057
108844548
510367635
587546510
737167589
16243988
451312374
924111280
780739263
343103246
263589020
621747059
607752603
617026986
344283102
337454114
959240209
367603117
994438436
426424679
332408457
413008474
130153234
281764855
209721146
326437140
543056506
890256827
112656971
81176531
124866028
970608357
821670944
477846818
471819346
289991800
495406391
542059105
540192812
216617523
510952495
690883592
531690125
615117360
48424378
955361980
227549471
813389000
346200800
897971446
337746488
453186507
952976639
972789648
415047471
153128132
638372100
389362174
555520405
780845205
743958591
992526748
232949062
695990136
187854728
596699328
137477604
780755395
743974588
997457117
264595989
115021596
210691999
379702282
941506738
305158831
567674924
668556742
814674395
242313097
331684602
72730032
1228810
574605395
77046151
807148932
864607629
498817948
443276923
660085747
346732010
622081234
934372290
570567503
592577544
82267263
336037538
856490959
557498886
286216196
514062199
844945243
787234150
800519173
862845073
642250727
721006414
614135328
658684055
424357216
178496886
308335872
311392185
718065300
66393246
673167307
580056882
771934462
468670414
798227723
522744464
737462646
432066583
854117658
595551382
338689085
958407900
588304047
5616980
704451128
275856729
226651611
76354953
627940217
993921706
804596133
676566000
890965506
227232485
822664139
903455947
357402661
691303098
364617299
745075409
333575945
64144416
893078973
554157768
843494074
371686839
609722010
745116733
80018507
508368682
337637151
54266119
982063838
775785628
33996544
556937155
177237887
349454027
488479725
232501210
337981091
881217724
552181145
204417092
987356701
236908844
727226549
554276642
273021745
944676470
342733028
697717190
665631960
327137662
775430940
401751136
755084080
311094970
541512931
682386803
866192389
869785163
507821746
411663205
433364154
279511538
900769488
844439932
682322296
350653637
345543955
452417531
42016448
115626794
617249754
603284825
967227049
786723291
500036488
691847489
262781113
794182973
857258501
82206227
135584642
846886819
391304121
210338418
845638317
915929025
784876637
136379673
783863695
514742799
684180853
952146080
180220118
475483304
888085930
484188017
605093845
392857606
521549310
106998143
730253115
782382635
151753040
894996768
950716177
459128264
48338788
153723116
101121273
346377105
844350786
313520170
286405545
698577565
740036370
100114299
51703322
989454126
735735579
680533789
401510037
150704311
669954714
19849034
206485774
514233610
600560302
342496468
260746840
940172081
940008125
735976292
112550148
184332227
347683420
356560416
247663039
407078477
988947250
338339834
773504167
987738367
609903080
75097146
285453007
653590240
448999751
78919250
60643282
845936543
232712635
388061549
38482012
128969084
536948670
965175269
998653849
323706403
30602613
756408947
673691152
223497683
45518241
4192821
413783277
628717251
369616970
1619751
891599189
311358104
470276837
886119720
662958324
339813863
510539666
711630378
476089577
783836975
701798907
227291754
989687675
408744295
939009758
484306751
658739623
227468517
319800391
643723926
934897274
901429735
973287942
860316695
327896410
547688609
876755026
524326952
764193781
640587666
542511447
553375900
145927004
700262782
432236308
792006507
851842104
914449781
719874953
103355327
100416181
939952281
350826748
222574895
918287270
810472442
678810253
90476392
581815910
576717454
397810090
312405231
573205550
953308759
225725626
341464158
438484955
445409706
62859829
858910633
553630338
283871293
501041782
836401163
851295510
314927776
809284090
673074666
367562871
971957760
319849677
923848130
51919649
864644758
704947876
564881578
448083306
246796425
7274541
654514294
749937470
293265499
396304959
678874642
31930043
399475775
843881381
988290256
238460363
415960097
507179900
325674851
557221136
189991580
58293495
475550510
464590431
509804779
794991495
849478052
971673756
414567610
491253402
288303486
926743492
963184821
198954185
530099059
841571572
645654369
967153491
143289737
291503497
882611525
435445685
810575574
690188076
476844524
863454277
614407805
571570
385583281
599742399
293749030
211703686
307916705
726672730
653817513
860971039
83240954
498247138
754430596
705868848
181382765
9720684
367233949
413924017
742302860
640449306
788185774
100519231
615223584
23994330
226626900
808601847
635915930
652618335
886024711
506568710
458545061
152911718
741689951
652223134
207794010
248768435
330585364
999461767
85530933
103046748
651782910
90178712
982477427
469024572
926099165
880466218
725105626
560970327
771348321
374382353
995578382
960673036
741072495
583288157
163584861
374439259
98153188
137232046
50512891
836165737
186551827
761522156
10092692
802029663
377239466
63383080
260043804
919641130
719980839
833932402
368377043
607092554
295204937
146947555
436784645
464360998
696420635
58850447
33598792
751519261
139236701
474039308
390494608
610019437
535837765
872098552
504746505
430429759
582849032
386243023
257633003
954794251
105582800
692122358
602806288
814865883
269824004
130802724
56627798
325520655
291094115
257604263
515964285
820243987
65044958
545876284
547146902
160985812
696134534
61343612
499539520
40348039
636829633
405601589
438305601
551639670
780050937
328473603
139991695
763025633
971939096
635192412
546033878
134605000
130443777
824382931
344883438
256337128
354256003
803029124
645052159
458715927
95413039
815409282
92616353
453323520
243065972
348448722
824292295
467426585
580535245
629940397
397572900
497777557
377171441
519952835
332116301
244269203
209854952
694479302
19577066
67417924
871856045
609178340
269786937
20774004
384845165
910145099
259086440
978366624
51840898
165309205
627955870
618862900
720948487
73250297
574610545
936284864
151096560
333622911
260067311
935939890
379287972
321284079
553554782
677486874
976874528
80470712
240495908
177170750
319313939
708615375
176439102
538859509
835091468
574211906
788470813
533980299
757669206
922970021
917784331
389597133
437910790
216378142
527917205
558894862
361928379
749120502
616608683
890044139
444438332
748228179
898271042
770502684
718932219
444357443
919464856
454399027
431039352
510902061
933733947
584996879
301749987
320168469
10481450
761744790
324213930
630708838
47703059
646263876
439037483
377472037
208511766
240508872
635146162
848574165
94616515
340042259
97493247
280360490
953830866
803965182
859761928
604673908
126908479
990544889
761920573
638963286
945917565
680012968
416117123
303864637
166327196
430964867
584132872
842321552
575789710
716829314
137199975
436129587
56207664
88811500
435927987
53230706
612411834
652168629
719074704
994428971
242319550
474039966
345879857
994726757
555977812
342807218
983922941
190844323
550143146
12020929
432350633
100288021
62863092
375287858
832457130
540167875
72017282
879622464
464438553
509649917
650676315
981559148
617808903
470212958
776388124
650824786
202011728
801138398
227958016
645413842
294535639
47211120
371665416
984571532
233148142
157367946
924982862
390996785
785078622
114718485
706214313
486082292
939402840
371726055
856435378
863202055
662813948
45262823
365296510
582804008
176466146
73323282
554153049
156458296
224619202
929048995
628455845
440189763
426790637
553461541
142247592
142555437
38195201
492887371
932218875
489841025
896678579
222382302
299416000
197593325
844189487
819601782
60288490
745561393
565644575
421534132
947026644
187410421
909225911
295867461
796968290
194124240
198752069
535298222
710368087
650761302
821086352
328657317
458445958
810673762
538216213
840973397
239329129
880351873
33787804
991137935
257241512
432628091
427860663
343659229
203077151
790966661
337899962
581453353
37237936
84898908
914884672
184068287
873046438
421757397
459781068
86900657
974426445
270803552
750592217
214953739
256656145
136804338
174828721
271595460
719304659
410916088
268301177
311936601
868523006
10718426
568752138
514538408
300775140
823664876
438715672
704761131
407371922
328031161
471354438
957084669
824874422
506997721
243424307
37356777
122573724
119416961
968802076
628328511
396205328
261172647
233062916
179033261
571339334
334323504
773864143
370255475
744758925
594683224
965219546
264915083
513826489
956786007
734680097
350544246
690138999
628323363
86190719
586953015
464167635
919709696
109144994
647724548
517914258
566313441
551075291
239808604
133979667
905060173
18782819
672755426
587261336
517615429
42559195
441692447
3702507
153163608
967730613
543885161
849412028
177621812
587007819
269076583
849531602
235772912
675739609
397488518
138815134
930615879
530516943
959245653
639730126
43608701
864102455
128829918
151224734
145988966
985717404
760432687
101223863
184714628
66713481
243548439
781660975
366159287
918866853
317861771
550765281
137575616
340858607
308545415
704934829
581096814
62237918
859915866
483107014
998275145
493630749
353219730
852462451
575476845
926074250
33583969
687648046
78919758
633652428
91837319
712284606
318800463
903687660
977680436
598424198
900855063
584600802
627681669
669057004
76191491
42372385
573994694
495771948
792083790
367976794
77578946
2234043
625380686
392830692
717936279
622621014
979790374
19428311
755047187
42914384
393747436
584136196
228831159
543774960
689779904
473876210
568819341
358820939
559473979
803736220
917441888
119453243
35487971
423883836
247546445
201087467
830510646
925319468
522634976
289972645
561138680
299298662
695256683
998330733
839146393
453160064
386903487
180982902
720560968
654203586
449334258
978465457
308062862
610267314
224158044
178167143
463591734
311663259
315895716
590211448
163664096
467853207
842410520
407073128
399759543
952150995
776768435
945042415
923825666
550710777
77889687
974004073
208915405
602297424
375948043
482264506
643332580
8982786
808222545
879854306
557621999
73648682
668289721
890875482
882361910
14523046
595676137
112416688
381995199
46845932
216539445
918126429
935104711
531473906
728291536
718095802
930967041
817659058
317645926
147710903
849121433
520479145
232122469
959790346
135008212
670390600
26746128
29996981
701392002
91966257
684415464
472072415
601582803
199661288
196217469
800620101
282847511
629716902
589485201
646043522
587847986
46059594
263682080
700213178
708128962
203583737
873350481
167969393
771956585
272107551
235283328
899408901
721112352
477031570
471614172
628327765
322215304
380996946
6320380
335409041
197464943
901858127
371193348
605957118
261409634
428623049
239104841
664571166
530203444
855936340
290352245
985005039
765929279
584683669
456986854
210529337
603893828
885843967
76366045
587264113
15106163
891536722
371089973
863608959
19163931
44009043
548263253
818152243
435434283
435271071
918775954
137995577
621912048
9964327
53582129
170059274
794276280
165082995
267324068
41034832
493418624
305322778
519513238
654088571
813510117
243420328
280829913
635584805
356189801
10032434
28111351
33061866
641589734
437503815
758404403
818552254
541941936
724861456
583768649
165767996
818292904
383252155
566013902
523125924
65986778
908786682
886128589
342405959
823647811
56131707
250895744
787822704
694544455
411010290
403151071
650410129
38783829
49103678
515563125
605871714
345389618
462549417
749894514
463988931
326034196
641148023
884427717
45754202
414776361
813147836
359513419
399623318
836542224
279736426
687818470
613583261
369654480
764713785
543308970
497781355
292695962
149663010
729841411
580898663
263098693
837197559
465211617
428628400
600216758
147519060
716327960
343185613
990102344
473996872
709814078
446296845
938464343
354996204
275920542
495691440
513122734
4769968
538647440
983240293
260491127
772505139
73867012
211541364
96751474
430115581
63512254
693165786
843564886
487461024
204294382
294357319
220066070
376611911
32184990
174876400
357306624
523646966
340841139
731330826
822550462
566222212
727627732
65731904
662688761
290973349
204756707
154585578
690867679
43051890
567320723
984481041
104186163
512170774
615782802
50414954
432235259
159758920
800778159
321755467
178183418
466622934
179893188
559855244
221149965
655150927
840840520
464935521
141967844
980377210
315414334
981882964
89372673
321065614
529711096
808115125
616599462
775948815
478449518
855774467
516561939
785784173
917424050
624570091
783868339
195031800
608678951
232610338
351077254
160690608
848960922
599216707
845398645
268246754
489605119
616386691
552168976
113996701
857660238
202585119
943724989
865346192
477556301
452949856
608756217
599290511
333613635
221769210
116352257
321695517
321066587
845357887
147801067
432961946
468940088
903991589
424986914
897421681
799177945
520887147
376765412
626839121
842335024
434090940
347758667
506264432
92074204
384395185
982124450
914646296
433080012
450893447
634550286
855090239
436598478
888121195
514868872
544838863
883036301
813288674
173300536
214147221
435865132
834698070
775549836
954730644
857125690
361184888
367319873
530783772
879307844
831359625
4970041
65034962
735645137
523467114
839210541
660056520
554146711
711596322
963153607
40252317
82206069
287074894
991797752
594383330
528647907
748987550
204467074
424361022
675599865
73000932
249405417
876328060
793477484
213931660
782558933
434559242
856202667
367733801
62470380
30372718
212432426
683271299
811886834
29280389
527392330
830673436
890878951
796107347
404384466
174561085
66253508
772223227
580376922
369018917
641956985
926249391
690916727
793368517
383107890
759605822
898519695
596024767
368516623
348764089
223897135
894642087
973593904
178321474
854716640
958314075
877336182
986935378
707141913
362698803
550741564
581845429
886711883
200020834
565947487
127104421
133983548
356139328
483953484
215095343
193508669
3684389
2094769
124253216
415417600
395969002
58850791
203721353
584005233
374127272
572615084
414491941
292126673
984117970
692572953
155978635
25772057
558105246
873507644
671692630
78511002
867275778
191658138
355032297
872771122
908710212
726375230
477376978
546166870
900758383
240316670
464759684
275206916
380446910
302912388
130858274
954162666
63759643
363410546
491666351
233814655
294681456
852070068
930276080
307617929
699397170
262914757
330257839
897376665
350866505
81135031
362084679
343015166
529814125
57394453
416086590
557897177
978842835
402312575
116527687
409983323
944371304
856408485
144928147
698604315
144540882
673612597
13589775
48630349
386654266
258324249
712649595
139158889
74772803
253516640
947262967
380198037
279470853
85994134
426926297
626934176
824323731
361467140
551113223
913510692
40760490
233054407
890934072
551407287
671895659
672288575
195705313
333460759
168858510
596589495
412541696
535152695
38540770
317433836
107809889
612169108
595155055
742567987
282311961
440719236
726052820
542544907
493861069
908728110
380962638
668324969
684768330
814933786
874672547
907214327
75826894
603895064
25465492
96966392
954371774
504899435
152000762
838499333
147415186
124650099
110601926
347679839
400368109
206797996
339208979
265351428
594534284
858634021
674459449
854710653
295665267
919151646
345158020
383549949
583647261
962396179
846043179
230793353
358341185
717530759
29623204
917712112
631581515
915910768
294960467
540933189
722812318
641252830
215681532
270690841
871146363
678410677
441872269
984205772
558556695
317846342
569217183
661886187
797837498
274308235
180107873
913830675
411592215
515897646
511939205
106475650
883743480
756281580
146089985
426160899
482287974
434824784
862902936
320091980
678473876
882885395
185931749
857163838
421324451
649702729
583671711
919641773
202093065
42801593
22733489
493330828
806002694
908715808
742668341
703859936
497650126
451026761
802104709
109750164
662459845
968987776
157300749
767755578
856791296
326414673
833475744
170518725
434223887
152843441
242930320
15764718
676180247
543800233
564584619
939105111
742880137
624009242
724706193
338838095
825212583
748459460
770117125
402758062
573986611
250750811
525344055
322834878
825768100
155498531
319461476
881145348
50629588
918140383
197706757
909770963
225658101
957856509
512505021
750836320
54547975
238618477
203640096
656126601
682409734
347418024
830672539
467314541
14943881
254116029
622474643
610980473
847793786
459200187
693970068
951614499
233578812
696648195
176929682
172711604
584086930
140334201
449361337
430368568
269899343
73131592
868715508
613846021
378200546
373990881
464884260
633188127
210058710
559817622
879407187
255550158
689327665
315689530
367248361
6394216
877928840
588504975
475006847
814133229
551435146
343787048
319668564
387809709
797939579
734703188
603965921
330790151
795088014
723347696
259818318
892622613
977421822
8163000
310432370
652369939
907609901
171578496
844070763
592238137
33900378
899569886
449625306
769716780
457842438
738334096
333512526
894348280
184535492
136389296
689390295
535347982
371770249
294910337
458747639
67972122
768690430
245210951
926058635
767494173
820758744
191076765
79208664
142771273
927754862
342895720
784685953
605301873
924951076
684776263
585178988
440847670
265880390
679375387
48602572
512488403
791917022
354696463
879401005
244405566
322633367
757440143
691373038
901967385
168728161
189673466
568867119
95362696
82557927
944914405
310097605
99131544
506287813
274293241
86316573
397738877
91327311
298298508
85564992
320920302
988128839
497323487
497755777
751255237
471692171
755275421
572748039
735171763
99032153
30057105
527046194
914710755
206051502
914629310
599497748
984155112
890281035
116240028
998519753
359741063
731146869
880083202
757530588
804668183
632825917
877482429
568132105
94905200
124869726
292005713
866260989
770073477
336365088
246014270
416145029
854294614
308511601
293436336
170038289
757229808
50274903
915559452
434657532
806832727
621181419
222513888
57227502
337492213
63781179
337582067
984076189
673235030
563511607
184328687
370759292
573522969
554616073
923468260
131421605
507484152
15604678
501668786
13643207
940590097
539511922
773949558
274139822
988350310
251283278
879575805
431795696
542038687
155934929
292311179
175590370
483732271
966226610
965152252
652595668
99659513
396582990
578386730
827904425
482572056
157658187
598489056
182698103
572433871
885442060
60648684
459771835
814865669
966686194
695789577
464406846
677864270
908116497
104169385
177458725
476754371
928367631
356680626
531716802
206645475
322836571
913174871
451190680
741648079
417447179
54871051
226124054
44946738
67409974
763996286
577102135
679835061
242182942
70428461
957822486
224634453
527609427
311589054
51942490
288643187
747739734
641295627
347320936
161690384
440402202
603136246
259041029
211739801
565277917
481444025
688957482
125085475
402891269
65532744
850566385
59415315
735948575
552985315
67716413
171304224
375826177
441101819
186127089
592841924
562273852
18167825
720161507
928536666
499756409
615974374
532933521
837859052
184140725
931591105
912358448
367513868
498092861
207473082
325179513
623306585
979213932
67815290
149854736
679791640
322747906
637344093
810785666
383324072
70951640
106038244
957770502
592558670
285211134
757714156
643715756
800395653
755709085
603137811
541268207
367736317
956414412
998925758
429250497
231114323
58469997
802585788
566551691
987359419
617256278
824186991
201837351
270419738
417519575
722689804
605226080
138540924
624200466
349222600
289645010
733785129
862296779
860968940
218110368
549842108
335135163
332499920
422370573
892531681
203417023
318312852
10999710
865794534
511747999
504671530
399478220
343322903
873291151
114367660
327444186
958204138
316078873
168176126
404124260
766804644
634974584
257228609
699110898
383448090
202769876
632702422
467209534
511818367
576522806
385182800
77364697
76263230
538929874
693276338
833084268
469711803
752688955
940480253
941795327
574521547
903433982
963028676
917498699
285504507
643288268
224396696
800144350
586815184
28488342
666477003
14626709
617406588
495922599
516571464
93174190
881794606
781522307
866668655
420283901
200416465
406200114
7664489
72165962
527703525
906018814
587740686
675600135
102789911
763648582
90482956
727486804
195284357
542306188
426421255
850831888
138620110
252445353
908762205
749976174
54052972
127980252
185909327
703707970
102624483
768044119
703313544
285416985
880394785
309081866
318786233
357374647
950137121
649341695
218807161
276993878
747486642
258483593
725367058
502801995
767778457
245991326
108500406
456474905
526761747
636859583
292735090
793384933
486604313
252293331
286172157
879320596
129588341
687925391
660671142
667026679
523500899
891934682
267057233
401231934
293935766
793859029
332631446
967250644
973552938
77771586
455611259
660422443
545313911
666615544
643020017
192616847
591456098
99022199
695643546
938101383
450973691
59460294
270803135
575348439
418059254
337104255
208080498
162836081
558638924
226562876
113039992
626539338
508966117
480953649
892765449
756931091
168194695
36868588
51875828
365638316
65256237
871339640
852880053
4110575
775937541
718862020
416399022
67535935
28318043
48315161
457598877
540125000
410615741
273637939
591829218
505443543
228548742
809406483
907269431
582677833
38439218
291760443
559181520
482644637
335075199
293563326
934637166
17655344
404389820
180203401
972611135
376062967
446300650
251908329
207726640
530498524
472807108
826930097
948657422
5782587
9449289
44970034
717764116
347861445
424738046
91846120
810561732
281717435
819049773
972640164
736153621
300077615
920920810
248249170
867709530
354528853
107930111
992340471
938311374
818453327
610890715
377324083
700449098
877758191
632116775
571608121
202290182
724071599
459915117
497572455
782837363
547011617
239393560
9446657
900137317
315312952
827526012
428775460
372616026
904716840
657547625
625863209
974196117
867182869
924803358
619786799
562044172
505689733
255638858
914837209
137631484
390371334
255367460
329763258
369502866
792004567
226620641
877464152
737904680
730701300
885179743
494099202
77562622
769729749
428788929
551616018
766554761
19763774
601930545
36573597
668143625
198902209
462751505
158799528
215944668
76328085
556093037
892409544
882921543
631753523
984653532
17728288
162669402
485759589
318950185
465299534
410717550
882955662
839099947
101395282
590702316
379652874
819263043
557926825
144203984
6181208
710056020
829516546
157691661
757520042
917994971
72795725
641608021
335925297
455686281
23125094
659353356
169574978
311303747
778399674
739134986
857765504
538928647
161886620
312699786
701737596
643451853
827468885
118971151
185669845
755575709
785193186
398253227
381917256
635088367
545052135
326846344
243385655
461520574
952190009
932163743
68568080
285491231
509522031
804334434
900226400
765812623
63534519
598136136
311385579
192306140
967340205
900550159
468003331
504320332
360440592
42718992
306350915
788248214
784470155
962099432
553935266
645469440
762010415
113493984
86721603
342666504
621290921
69399164
286945522
85816264
102627578
258572534
596222497
648956217
887209760
709174293
698145435
983124643
516331291
259325048
584927152
303738786
9518051
986624122
964531364
901059037
74108154
373639154
56853083
965746614
590981364
267476427
227306594
686852284
415476102
303275371
380330057
49457549
107525406
878306713
792374098
124005455
510697904
469950624
439511926
427574804
64623392
590103373
927780767
179836733
246843690
899059274
153566479
758605287
128228297
128617137
155098217
229842583
865771253
768111817
535920662
371065493
502186478
97980903
820737433
603601467
246759392
815005073
31483473
564207664
910180254
354872725
779253239
189476782
761466811
63290273
360815738
201869084
799496401
619282028
450702563
269357090
267099490
873485250
269008536
475710073
180537610
399116751
967916173
953539174
706893409
16734284
749373306
684651399
20978615
181751756
318677381
537641729
773940470
43042330
834928000
825961154
271553327
327805860
931652533
675676068
953168556
988161789
270949652
447739800
756212976
440349204
144207486
745051942
134430362
880300401
738113136
395812566
958441140
923862998
682656933
559448408
653577191
29905332
455154312
348825364
593814022
184458670
392540806
584715732
261293601
265183371
783768275
656953655
462183899
971452587
24557183
21535836
780164819
776658
474358370
37513381
859485875
695071934
575048649
683354532
193844861
639181435
991555341
746512114
524306177
787134116
255146520
270486403
940692627
948793370
805295109
669142420
632266050
806631591
486290708
565215509
815049512
270651842
764263208
777820890
853197760
331980648
777561227
896673245
768772140
819125585
566481367
887049090
319969372
488418092
974935360
570347224
130414420
35865582
578623769
312258391
702347704
403979495
563921410
337014649
312198325
215278350
58158224
710536545
139795971
158894243
323569643
372952585
859749002
710440806
368491742
953374141
834244216
425990393
72487049
886203958
596664907
123504095
39610634
402173841
202975992
618348162
984787079
965398037
209690867
719371726
253870512
29395076
277283018
637778423
738271024
497665363
736417738
980680880
372329945
340419744
854984807
74547168
309567908
422366404
958682172
824506240
139695781
272683918
369628862
210892372
92560040
344421701
501461251
959390603
704577464
718096183
285545434
880722124
200865943
127120240
357802103
81601563
888816592
867520207
279876953
991387878
989062911
795889211
981480653
633172218
107331996
764519640
487485896
508891776
629179565
363996820
317446247
405186643
36561146
742913803
531550465
78548823
767283459
335688079
588668760
463362769
881902509
295332529
637059750
396096075
344270240
608146219
321349937
826036312
319409635
616685551
982265196
841620181
518579473
375694296
133031063
738784166
562287251
843082083
369196161
913760086
85228243
777694010
418208246
206518738
411581473
270186030
331764637
59899022
138377379
493493296
39955677
881508783
924559663
601419791
158119578
30518064
147732487
975498797
423992497
694741997
925673432
321908888
712086335
947247963
76141295
37328228
274891656
824399009
831848857
113882864
430066028
213486788
204069023
528636307
781346631
166203794
166023546
438455922
45094894
761784236
635489578
350598291
450243490
236267725
567032875
499367793
659825096
878115328
969617742
654785498
726936865
924324555
203591623
778437860
164552191
378910229
185976940
472799959
31245364
951736136
374501119
46132576
450542449
607188257
398745388
607193989
731421262
159137232
40490118
424859439
990894122
285439030
218559272
873209444
695838376
107249724
292933180
795801996
60853541
739698534
432389530
899873908
251780306
429269858
699210730
650887935
653079527
689082455
278797544
34946509
796922933
889937870
54115060
29036995
20856895
682870502
552885512
122505687
868670609
179052787
734448272
834305045
148247874
347473064
637633975
279935103
334603694
549992826
828231404
681669059
501959353
289648988
733529042
24881940
989979046
535350201
598445295
395015041
650402130
600442304
293732732
716699013
55153089
267615072
198474845
917109057
596381936
515253286
260857191
59942092
369279936
881695623
29481208
18440928
657320873
492111965
987853718
895931241
964727725
240338288
345477606
711063483
997526922
543791427
96834867
809415855
155677675
770538690
76122513
549521056
743749182
759104476
617564268
256860467
466848022
188135428
692578440
393835782
559469483
131641691
542096794
274525719
821298382
703527239
83552031
994208635
14090189
193042230
64986084
128756302
246512722
81789852
332597038
276330396
235380190
911810128
721950467
196916124
14407927
50463175
29156633
260812515
467954379
715522329
130663060
664298664
808676800
840846700
209658035
944808052
848382195
16647069
499623021
705957287
305629346
638440060
90461839
330413774
527908662
355219503
992287123
742287410
692458020
682501105
949667230
374746497
407867237
958078051
762099124
512733211
69733410
589859969
794692688
404455986
173681450
578458076
452881569
527130221
118082303
46361260
969780161
451521126
283461087
58244105
653739016
421168354
459640692
223284289
584100784
756817900
71496275
526504151
509004159
573225549
390902503
267549368
757074785
813126461
292069326
581084348
995801570
931821411
540368129
732070665
137145797
46378134
923758465
938019134
711580345
454461493
944039406
288964559
379745900
430178109
363122723
671499817
408072022
871777333
821565805
769343316
913630287
214169707
674049835
77239896
212615643
108045051
329024928
236086949
61028989
732555336
416226175
627418390
546974180
101647717
394867570
873707473
592738320
290620463
366089331
907375089
11984823
287716337
443478734
451037006
770694346
915711796
608424239
597104651
733080225
754971942
360844020
40429845
27234209
100017718
22025072
634853201
127261606
889044523
875984526
488559876
477587514
929051908
609792542
78773462
278015335
662770291
706446129
454084082
854606071
962448570
983712622
391851251
357301835
227078826
342943839
204424871
312503919
545249431
530204261
917519335
961388270
528543363
888042834
491436186
905036342
576221902
534698743
362649753
395800200
786281466
972220581
509369678
9132600
467764980
14787331
44030270
927050035
577588250
803611252
803005294
470971976
393384968
577946798
980882071
927918222
191188337
395407761
482459974
991215516
336266619
556511416
218091993
552043736
97485713
951213777
899687218
561581921
422761607
686272029
244335970
23094973
190828462
205290509
646244308
220051142
628493853
175215273
236175423
801115238
499645834
236829684
605898063
585113819
387464972
109965201
508549048
314341432
138250970
733573147
655777305
831215854
471565934
841535817
161108066
973465892
549297651
660944997
279799848
47782010
220131135
347787336
775802270
322967346
631067395
100596198
945066518
684542231
147566651
247581532
296146586
916554173
576764321
67903909
346070559
625654306
67954108
425326446
102587730
520917499
665797222
260467937
559516643
31372566
304648022
496210050
267662756
987675252
537637178
374473757
547901239
238917377
196879371
343657011
906508947
595945728
621619684
601377233
909081714
981604971
5551306
844289309
222854781
648099580
506175253
886505844
109088495
762655716
866202729
25253745
504073446
469056685
80763353
452811988
698613039
926032216
817537001
427856332
518083661
428921868
914297027
408492327
832209401
616053166
760953910
959259556
489149561
747398751
241193460
950749813
910714598
252326001
634749996
412396903
286323332
184695985
299590480
152687737
701763418
464396199
796185584
815748811
95343916
945537603
303244623
865006120
585237974
14287420
77108423
653065293
566202267
549776937
14294112
285500613
894367878
775251733
5973459
82679761
460636186
82032120
780839621
32326933
172375079
472939496
741223582
224023899
659072536
363292241
559172190
525495470
464132745
954275528
85367355
488956239
323026608
456872609
605310860
257782666
839873126
241789075
946722207
691576036
544623921
243738348
835118435
484626451
592987090
570114435
372587293
250439788
874915567
668850784
756597068
319821936
316589508
320499410
700230618
851685976
684798725
480826111
142400200
492053047
6150888
47030237
885347027
781899107
223098981
938370519
420904690
459437438
821954747
127033554
341188366
258098564
439752808
925493791
568894552
532214499
63149272
519870015
646270983
534398024
110165334
382672187
359378692
83058077
939004492
491151213
364554050
19755121
885756228
949282068
800246233
78077500
831959092
140869863
801460950
432442655
48156567
849518666
718479390
161853800
891588674
438580161
180374922
357951263
596948660
651655447
637053496
929434692
745305155
421033610
922174188
451017469
290970041
413829428
912245902
396550974
231336869
724941462
881076982
478323977
840519675
138459876
142933391
812668170
771855116
666297562
639050059
951883240
430306181
637657662
408141562
359510576
193962724
386365235
148643273
756393210
465645227
283161973
514793313
554172272
433521052
270462909
9354060
485479483
488946989
964138243
310556633
624591790
143979930
421293395
507484567
352754523
18068301
643368668
813583577
397936536
530412491
299772912
898163408
879660410
9201437
440501528
305197707
948653765
387555982
487161620
827935551
566497247
276013734
56214623
902086877
64004065
169928415
544632549
484775341
778310930
779334131
258895116
345162717
869485997
160832794
560291114
341255269
3728465
853353519
484905734
899184722
712673103
514827695
935818854
955393325
732459732
776373267
75749762
136489625
258750067
651141244
305834563
337022307
301382527
707331965
617853392
590201907
543424937
267246774
854001013
284985130
194578211
208329304
81345860
459962885
267570741
391386094
900488890
134252573
303172840
744256714
651329828
176674836
592130624
88388506
383014307
826565910
491621591
318855599
609331092
481513134
292439954
49468450
97277079
421851776
18827713
439573854
633164684
221825283
760382168
988439476
859014853
620031921
598376267
565277373
632981325
921433417
514931538
440839729
321907862
887648849
472527908
696150531
533049393
548507463
30126333
877117805
961352789
284274796
248681079
807498671
683344368
785992225
730327580
792721551
257127310
728349912
686307809
853480359
392808946
20869944
107795645
780864236
998310475
974315577
481371246
976294208
307266334
966893849
51157520
295374575
973743211
316271114
556205749
42440458
134047615
13916201
548784535
457374392
723053849
727346376
580187124
130467098
531297042
65629944
230464772
317387228
831982674
617482568
838701529
180582857
984654424
573060499
356221450
183396744
952658352
107041386
991494996
63341919
984086311
882075461
522614679
280680145
215530700
487940205
60927882
738618290
445629818
351981180
134844238
378027604
550054371
235431399
417876978
897065571
208495833
636154410
18690372
681107566
327824684
480384724
618149403
937627130
316400952
741197734
68111457
96562689
97179771
434682151
888644026
778647107
301880519
693881541
951453572
809662583
919379484
270840906
518085962
489557957
991125338
903362529
761557360
344404974
166463056
671891601
603318473
73682079
29585216
785713724
595777262
339107327
857173785
103457567
216450618
264402674
795059584
306107721
702038261
756186873
411126734
447410148
534430336
589112012
979754582
931517574
660456684
777631701
818054936
432687383
279129757
906788593
102213169
531468310
58015098
807486385
786215001
673677096
491460674
28584270
495752908
417543133
590611281
280539537
723021764
886985330
921548916
764638578
206266010
900841240
313601504
905335489
145429079
592828456
901746383
906551065
321408844
137283636
724349269
508908840
276854031
160174540
827844963
478846956
490764491
63616482
638720713
64921305
989942441
518761951
241133910
314763061
173158054
145091813
743840230
335165259
449058670
944924574
215037229
310775374
505086091
812394655
184997669
154066397
700400439
223431627
660844832
710608009
127257149
15188894
632356785
602668130
1237915
73521844
758181568
382495210
987717237
96897178
586498519
225133274
615567106
290761796
647452388
259722554
531879018
829467738
412327814
944469772
952870057
500892466
171352860
478404569
281220301
244881516
404851461
568754990
564591947
952878002
40118898
519584745
414542939
358853513
910684965
314502703
453357553
178349412
992347102
402520387
955541243
49916628
808582626
599842930
140506452
176855250
247113687
604889917
736769356
227150664
975847777
176733702
538481546
418342978
683910763
992362508
871686011
401295990
353766650
709429826
524792230
384840591
950658679
948885240
548880493
506735410
461414407
224438026
572711829
887074600
188782891
757390211
218662508
844324539
428107141
870260966
828578633
19658894
792078048
31954381
501710364
494685296
607333164
352532751
552742156
758526711
397313695
818181496
493999057
516694788
696056793
673133635
625117487
652798603
376004735
831220808
846090780
543508093
895441456
277713539
111435269
966919822
588560090
222274884
904599451
904506086
202444891
699646093
83784218
19007080
108829469
797280686
589703327
700506753
666870994
733298120
341288055
711939585
480490856
295541263
70213681
290015930
293150964
554153237
295422284
628023424
212520447
863395474
591285111
536968538
767862623
118972506
317843540
469417032
278519967
465863650
341211387
13145878
169703273
878382889
843326061
60090219
583212848
872887860
141628146
118262040
68699122
869576410
408503084
915292313
880058732
204242460
684301529
650391569
10060145
795872386
243260339
868229525
614638817
413042852
470945863
71954861
195386532
13391752
785861010
788793397
161485461
562272630
71119262
787192379
414152688
636488123
755613677
771498405
302656424
4018159
521104903
996234839
433715596
521621449
422884600
193056785
405464403
109699495
142600712
247625288
762857111
542491292
578597204
130513702
831432888
594115792
924916919
535542816
663125956
887340752
162526913
812455439
986172192
702639579
928522768
433341604
811558593
265301065
520439147
484604759
233363860
313607867
250041542
474260085
220713495
245634553
449496859
633282621
798769513
291307635
675630482
509480986
419840922
254069713
997439269
642857581
911135993
643203344
89432867
444583607
40489808
139937744
329537661
894428294
694647784
697070308
506137093
459802580
962636192
307199328
973142796
945605025
500010634
248153370
668655465
89940142
222696733
852608225
110327099
108595136
161812863
91680984
864651775
171996826
452862911
503838480
503893792
927262636
571509245
25532685
392472009
83258062
599861825
462772047
86450625
814077675
574853522
286414757
555920739
165890168
595010309
501312851
882744997
191260134
953861102
981438202
601188388
627006972
172020414
708135284
193584361
351806584
154398336
584676927
936093942
228787811
901958890
781355623
581868687
60640256
187731201
587207155
830489252
351386665
760249452
328258852
444849739
315604525
88407824
401364114
940320383
6201487
5234940
165371731
277824897
755743185
249753218
416415016
79396365
676146590
216438125
219726134
96948592
831553760
503208572
568509905
945566755
873936466
516208939
68124018
108545224
812890434
489462513
517117326
917788240
247673840
906963509
971798888
949687668
496321769
14395066
944042148
530225090
233219029
810280316
859739932
764643659
911608469
140599063
16185320
967955922
493106334
598940996
719980420
766722618
30103391
106071062
636065298
350812093
281530019
659767366
685012921
601610880
935476915
278438282
35069893
474026136
706050102
535649249
151455129
83741422
895241663
677896364
864405785
711838000
233692580
27974398
83912208
885603969
246523533
474901969
991285294
164047642
194914758
385019223
9812
804406305
417619132
680364461
120432929
812909654
644926449
699935955
187761159
237399192
437267948
332256351
358451748
162741463
266878925
981180759
735501644
109857794
184171833
241216018
971161923
849229357
691538832
490173333
276166474
922065843
922036109
321551289
11948777
616792728
121179995
545484638
918890123
269115401
424281600
994969347
984507317
892428344
560540965
649568181
595609715
107672777
296798701
950019759
389263212
552882760
836608141
966833030
374774866
895220666
561527331
372669474
186624309
892913026
918125180
361688634
136564403
228733735
423048214
122448236
865364937
3368612
286780377
706211611
314613010
220557707
569073138
562819456
328428649
891134601
945634407
507613971
112454358
857594237
453836078
17203091
656520388
157362590
283362294
350587126
462299062
1715471
934078523
608778879
980349667
484814773
242488982
544269536
8610990
601290136
910792801
902261890
406463236
190125093
616225380
717856645
782378686
79934152
227525515
985128915
191829930
855345820
227841728
135344255
309006097
344827889
760024731
575345605
25327206
220801230
949169618
978831918
380496906
317934695
463600758
308470825
115931729
382906897
165760544
503952731
22891472
200255432
309032400
567040706
401313783
308165969
709403806
433637416
739731226
63159299
588362539
861389169
925755282
156034395
816992271
876608893
755702952
98667293
518321509
364992124
732954459
456861398
894573280
326787098
226557167
731278874
364413539
778425456
326615626
917726831
281789075
380443408
323873923
901032733
764846066
498497153
873356862
341976883
485703962
173326009
396364053
172802776
485580754
240306831
285481220
352246363
730947664
338048781
344464512
452976574
72137220
356766967
62135745
848253495
910710499
487289757
723074386
134636812
569341152
556103218
989251339
165149496
183566917
440617775
755773481
856888371
868534958
947459423
459592873
882938770
945536555
592693971
811286249
539783478
284584048
238962333
867661950
659868414
428556850
831736579
356071497
195730970
286563022
328723224
91681919
763493766
612722966
592749417
633426219
288123755
474982829
64191813
516984047
666598925
808008737
535663181
237019215
983722640
79162173
646028578
483620329
469360500
431165626
797349989
987654340
895374609
600969188
640586474
757861055
440090113
392217097
784150440
685490323
528326367
146527295
137192542
663287614
645651398
919001706
976718429
994498801
891521029
954601475
723337554
821024943
57469224
221116121
61967576
24009060
493699001
614099350
264957916
389901788
329751418
636274818
826482154
963360438
819887991
708650994
37240401
444739764
976579787
761602974
239330360
112900946
841080364
942603779
959884773
579938559
244671882
874424405
278408779
873384508
812491880
619346407
279418912
537432785
680325623
76259146
626160859
38305824
450856313
256865764
742113176
794125101
463303466
364915024
670365215
973713952
782226322
186151201
199195171
377295359
808930741
570813665
738702106
399327789
305042106
967459532
786119929
135418302
205056926
275905068
35225022
98471087
224334642
47648965
352871228
354367006
649382512
104940586
159487230
167497420
54030532
500792515
708889167
596428140
917118445
909117594
72486644
562009006
829855428
869930986
349157332
997357849
594107215
989683854
280855007
336912442
404477435
660326818
40587186
862601802
226313972
253658542
994972887
663101285
623560670
102673398
173549023
474369953
643726527
186114982
850204536
852098077
740214561
430564805
23027196
144242876
72332394
802434878
596747524
805834248
979801861
386255965
746699895
149517978
793448731
13852144
936501230
349859091
362589271
398491416
950310368
265073434
284941773
507723276
527180563
363733032
857874550
844313579
391614596
210767383
136593961
943167788
173897839
381660304
209617716
754788579
968311959
574609513
364698672
942203038
487376571
769949441
431046190
929295698
977742332
540927174
672860746
66087597
987239608
27243175
191740357
179722726
765236203
533167430
859735791
719614968
880943249
490071845
408448060
484297955
318041226
196719771
388037107
278180158
601992449
955305052
136693447
784841378
630649303
479915807
824943134
197540959
565895060
428418350
625047678
975457189
675812597
481313857
422921940
146243210
899988296
225855469
328637462
208039907
797965494
613817871
814242926
463510124
77183585
707171266
144453874
189826180
317805651
83675282
990394094
985301427
20514797
785652027
838662836
741719098
983294943
319769470
231448049
605886924
189144805
307363921
809217867
897331441
481225606
736196890
351009357
565388752
156016464
215968626
546997520
621657237
959159415
942561206
706231299
121045801
723629209
741428346
208767018
638205696
116934525
721163555
706325121
609695620
695243195
797794273
563580274
668729980
103846906
246081745
362260357
805852382
366611143
969746246
244959135
250746966
751496682
551835587
434022558
170236140
59458325
407333749
484022917
18763602
328495070
541069497
738063220
312027553
878549878
466535219
962329320
215889545
784728256
169678715
516632375
473497169
552515012
140557060
427231923
864981990
835760316
158248413
493319373
66645851
644393808
198553218
850648971
485445150
278610289
302049762
548026899
542664341
930821859
347900537
918367091
36725509
519942165
517949281
777374336
794584144
408653198
762960335
700059217
547724379
118419274
774570079
867131857
796418434
299913422
949663262
941151257
259846473
279280619
204332859
562195023
968522550
751472897
457826009
164406624
222695618
327887291
917619861
659104253
270626313
132385110
500346824
561542081
273229779
209370093
852093296
853675009
502083689
569963185
694087736
413627878
341308638
27911777
526636181
400536349
130884454
227852513
621878599
171562501
858650093
854271495
883077757
398702064
203808477
870081892
724460649
875817062
45883983
781909515
674420718
377359111
971358527
594934412
893720176
156557256
193406206
876056065
959001162
821752156
305468299
125303861
30354170
572268741
687565734
936057675
587264030
543684501
678806426
631796092
778807795
621090266
469762892
419983630
831222452
669494230
673031896
206263042
595193585
2010
852099105
522714768
165703931
376883335
581683047
923104971
277513548
151717751
982534579
15850239
555547643
359210649
1537698
552672711
560034323
429196678
272274153
489248438
565539153
602163582
351597161
417051905
997077097
234928502
475402849
254755329
108161459
435990876
955223504
37738133
72658453
729939316
289345067
71509868
532408478
196805395
186322703
234120532
933011733
997463641
823082188
159352989
305926522
689882158
122526982
717423113
711922007
146421394
368861886
338581012
745808945
711260202
919036390
222731402
733174850
504177881
807742526
486770191
690548124
383646164
830863183
919538732
471147354
534310757
44558925
562289163
221421003
296950417
465392084
6827835
344435517
430241366
175040227
776962066
802572237
889989175
132439243
899606438
219317440
953010968
105115687
3952597
956853107
567681197
8893751
490474
608197478
581708169
591924109
557737514
875288130
427018424
458952503
978033274
905957797
708720731
556329283
651059649
37915495
653658383
788636365
145027082
913798444
110935364
274176801
167107523
584862678
170868528
762863663
636580625
449470113
485811773
502940925
83993575
639917335
381966376
14058733
99878993
310696346
187060929
223577638
400788294
201936065
485693095
979048784
33951361
514488231
750546672
629812537
578609165
848058833
492979693
156711976
948140311
627522921
595955031
158039594
890937797
210424070
263121116
188128294
621444044
221048962
99298599
256027213
424667177
483365977
869529631
52452913
404570547
882487361
191946930
15952933
395585826
677474236
418978870
271600071
714459686
301454895
839208495
645209985
522152635
292335349
507799555
91005113
286442734
666209178
965800620
612947872
92140226
771961232
350941310
663932263
354928193
148860260
723386868
738416995
310507149
45762649
274641421
992742531
813303759
548602498
293642227
364498301
729716254
64507735
326720239
772359717
381057655
492161720
344715647
714950532
343904873
471157383
183117196
726693386
797351480
78429626
23953361
587967446
505496756
744992054
120563096
547555914
647521997
20243295
815657856
428099031
342497602
449179766
618384892
651421904
290684382
718605336
951562371
16936783
903866147
124249062
25988455
16138288
421756150
934994250
255072768
829677388
636672480
63730329
57981640
344755924
854155141
696307084
891277867
894704489
24620616
289291130
401814104
656463709
558701844
348383720
485994364
453060880
141121462
369813425
628169092
565189844
313203545
302597078
783610312
104755039
935903135
403868866
802358207
463432650
867540754
317052532
371142540
494191770
551712370
308992974
592827880
710242410
696446094
403394321
721755856
191504468
662227626
836964359
252510434
426808266
416408188
666875197
810008210
615223637
145333143
90288192
775053589
749849722
698114345
435043916
919450981
301321330
418198756
676517836
948399003
632884770
77733370
258083812
521692033
622230690
766440987
231734236
498146177
911005354
179195745
643693794
148520162
