15
1.00 0.64 0.18 0.27 0.15 0.13 0.13 0.11 0.14 0.10 0.69 0.13 0.15 0.21 0.48
1.56 1.00 0.12 0.18 2.35 0.86 0.12 0.13 0.63 0.56 0.11 0.20 0.14 0.14 0.12
5.58 8.62 1.00 0.65 0.11 0.63 0.19 0.10 1.01 0.68 0.32 0.99 0.23 0.33 0.93
3.73 5.61 1.53 1.00 0.13 0.19 0.47 0.20 0.31 0.20 0.10 0.14 0.38 0.83 0.51
6.39 0.43 9.36 7.59 1.00 0.37 0.11 1.59 6.58 0.23 0.14 1.24 0.19 0.16 0.22
8.00 1.15 1.56 5.26 2.72 1.00 1.77 0.12 0.27 0.20 0.17 0.21 0.17 0.60 0.12
7.79 8.51 5.28 2.17 8.80 0.56 1.00 0.13 1.00 0.39 0.27 0.20 0.26 0.40 1.00
8.89 7.50 9.79 5.01 0.63 8.32 7.64 1.00 0.22 0.16 0.25 0.15 0.17 0.60 0.16
7.09 1.61 0.99 3.20 0.15 3.63 1.00 4.50 1.00 0.49 0.18 0.13 0.28 0.10 0.29
9.69 1.76 1.46 4.93 4.36 4.85 2.57 6.23 2.02 1.00 0.18 0.11 0.89 0.24 0.16
1.43 9.38 3.18 9.59 6.91 5.74 3.79 3.95 5.63 5.45 1.00 0.15 0.10 0.16 0.14
7.90 4.99 1.01 7.11 0.82 4.80 5.06 6.88 7.85 8.88 6.35 1.00 0.11 2.60 1.00
6.74 7.48 4.32 2.64 5.18 5.74 3.93 5.87 3.48 1.12 9.52 9.32 1.00 0.49 0.70
4.77 6.93 3.04 1.23 6.45 1.71 2.49 1.67 9.49 4.07 6.38 0.39 2.03 1.00 0.32
2.12 8.03 1.10 1.93 4.58 8.55 1.00 6.09 3.51 6.15 7.02 1.00 1.41 3.09 1.00
17
1.00 0.37 0.17 0.11 0.24 1.01 0.35 0.11 0.54 8.10 0.34 1.01 0.22 1.09 0.26 0.13 0.55
2.73 1.00 0.10 0.21 0.11 0.27 2.79 0.25 0.68 4.45 0.13 0.11 1.03 0.11 0.16 0.18 0.11
5.95 9.69 1.00 0.12 0.33 0.26 0.11 0.14 0.20 0.28 0.27 0.14 0.33 0.10 0.40 0.26 0.65
8.70 4.88 8.62 1.00 0.11 0.12 0.16 0.23 0.20 0.55 0.10 0.20 0.16 0.16 0.18 0.10 0.66
4.29 9.01 3.06 8.69 1.00 0.15 0.26 0.16 0.38 2.27 0.14 0.25 0.12 1.01 0.26 0.41 0.19
0.99 3.70 3.85 8.67 6.74 1.00 0.13 0.62 0.14 0.14 0.12 1.42 0.14 1.00 0.21 0.14 1.24
2.89 0.36 8.68 6.05 3.94 7.78 1.00 1.16 0.14 0.99 0.11 0.72 0.25 1.00 0.29 0.17 0.15
9.14 4.00 7.08 4.25 6.38 1.60 0.87 1.00 0.11 0.11 0.19 0.12 0.33 0.11 0.30 0.28 0.29
1.82 1.44 4.96 5.17 2.64 7.45 7.28 8.92 1.00 0.12 0.14 0.26 0.56 0.14 2.82 0.68 0.10
0.13 0.22 3.67 1.85 0.45 7.10 1.01 9.08 8.19 1.00 0.30 0.99 0.12 0.26 2.61 0.12 0.23
2.96 7.35 3.71 9.88 7.28 7.90 9.24 5.41 6.90 3.38 1.00 0.43 0.18 0.28 0.35 0.10 0.20
0.99 8.88 7.43 5.05 3.96 0.71 1.38 8.44 3.95 1.01 2.39 1.00 0.92 0.36 0.21 0.54 0.14
4.64 0.99 3.08 6.01 8.49 7.07 3.98 3.03 1.80 8.48 5.49 1.10 1.00 0.65 0.17 1.54 0.11
0.92 9.09 9.87 6.43 1.00 1.00 1.00 9.16 7.20 3.85 3.57 2.79 1.56 1.00 0.59 3.38 0.28
3.85 6.40 2.54 5.43 3.85 4.80 3.47 3.25 0.36 0.39 2.85 4.72 5.82 1.66 1.00 0.30 0.12
7.59 5.74 3.91 9.82 2.42 7.33 5.90 3.55 1.49 8.30 9.61 1.82 0.65 0.30 3.35 1.00 0.14
1.84 8.61 1.55 1.49 5.26 0.81 6.59 3.40 9.66 4.38 4.87 7.03 8.82 3.60 8.08 7.29 1.00
20
1.00 0.27 0.25 0.79 0.24 0.19 0.15 0.14 0.15 0.13 0.52 0.79 0.13 0.83 0.42 0.14 0.11 0.12 0.16 0.44
3.78 1.00 0.15 0.57 0.21 0.32 0.24 0.33 1.02 0.13 0.11 0.87 0.12 1.80 0.13 0.58 0.26 0.12 0.12 1.30
4.00 6.58 1.00 0.99 2.12 0.71 0.13 0.13 0.13 0.13 0.43 0.48 0.56 0.32 0.12 0.14 1.00 0.19 0.11 0.24
1.28 1.79 1.01 1.00 0.67 0.11 1.00 0.13 0.13 0.16 0.73 0.19 0.23 0.15 0.79 0.87 0.37 0.66 0.16 0.99
4.13 4.86 0.47 1.51 1.00 0.51 0.16 0.17 0.37 0.25 0.17 0.14 0.11 0.17 0.15 0.52 0.10 0.49 0.18 0.45
5.15 3.15 1.43 8.72 1.99 1.00 5.41 0.15 0.12 0.25 0.27 2.06 0.12 0.10 0.24 0.25 0.71 0.59 0.13 0.27
6.74 4.11 7.75 1.00 6.44 0.18 1.00 0.16 0.12 0.48 1.00 0.48 0.25 0.29 9.68 0.13 0.15 0.40 0.33 0.13
7.07 3.03 7.60 7.99 5.98 6.77 6.52 1.00 0.11 4.17 0.38 0.29 0.36 0.14 0.17 0.86 0.33 0.14 0.15 0.10
6.76 0.98 7.39 7.82 2.65 8.44 8.59 9.35 1.00 0.12 1.77 0.15 0.12 0.15 0.32 0.11 0.12 0.13 0.55 0.10
7.56 7.59 7.58 6.12 4.05 3.86 2.05 0.24 8.27 1.00 0.15 0.12 0.16 0.29 0.47 0.17 0.11 0.12 0.26 0.15
1.95 9.10 2.34 1.39 5.88 3.69 1.00 2.61 0.58 6.59 1.00 0.63 0.83 0.26 0.11 0.22 1.01 0.12 0.18 0.11
1.25 1.14 2.06 5.23 6.99 0.49 2.14 3.34 6.68 8.29 1.56 1.00 1.51 0.18 1.56 0.10 0.34 0.12 0.17 0.16
7.53 8.45 1.77 4.39 8.71 8.09 4.03 2.76 8.44 6.46 1.21 0.67 1.00 1.58 0.22 0.20 0.15 0.18 0.30 0.15
1.21 0.55 3.18 6.74 5.75 9.68 3.42 6.97 6.58 3.49 3.87 5.57 0.63 1.00 0.16 1.77 0.16 0.13 0.61 0.11
2.40 7.95 8.49 1.26 6.50 4.14 0.10 6.02 3.09 2.13 9.41 0.63 4.55 6.17 1.00 0.12 0.20 0.34 0.30 0.26
6.98 1.71 7.13 1.15 1.94 3.95 7.76 1.16 9.18 5.87 4.51 9.47 4.99 0.58 8.32 1.00 0.30 0.11 0.11 0.35
8.75 3.87 1.00 2.78 9.61 1.41 6.96 3.03 8.53 9.27 0.99 2.95 6.69 6.47 5.04 3.26 1.00 0.11 0.15 0.12
8.35 8.40 5.22 1.52 2.06 1.68 2.56 6.87 7.49 8.08 8.61 8.58 5.60 7.79 2.92 9.18 9.48 1.00 0.17 0.13
6.18 8.63 9.03 6.45 5.46 7.71 2.98 6.79 1.80 3.80 5.55 5.82 3.34 1.62 3.26 9.24 6.59 5.71 1.00 1.92
2.26 0.77 4.18 1.00 2.19 3.64 7.48 9.87 9.72 6.66 8.96 6.19 6.79 9.08 3.88 2.87 8.16 7.97 0.53 1.00
