2
1.00 1.00
1.00 1.00
3
1.00 1.00 0.98
1.00 1.00 1.00
1.02 1.00 1.00
5
1.00 1.00 0.42 0.27 1.00
1.00 1.00 0.99 0.37 0.10
2.33 1.01 1.00 0.16 0.99
3.73 2.72 6.45 1.00 0.12
1.00 9.80 1.01 8.36 1.00
10
1.00 0.16 0.11 0.11 0.46 0.11 0.15 0.12 0.14 0.80
6.25 1.00 0.37 0.12 0.14 1.25 0.94 1.00 1.00 0.40
9.45 2.68 1.00 1.52 0.32 0.15 0.30 0.58 0.17 0.16
9.21 8.25 0.67 1.00 0.15 0.73 0.39 0.45 0.13 0.17
2.18 7.25 3.15 6.47 1.00 0.18 0.22 1.48 1.00 1.00
8.97 0.79 6.66 1.40 5.70 1.00 0.35 0.10 0.12 0.14
6.70 1.06 3.43 2.54 4.50 2.83 1.00 0.13 0.10 0.25
8.29 1.00 1.73 2.19 0.67 9.76 7.78 1.00 0.52 1.00
7.14 1.00 5.78 7.43 1.00 8.46 9.52 1.92 1.00 0.13
1.27 2.51 6.17 5.82 1.00 7.12 3.98 1.00 7.47 1.00
15
1.00 0.29 1.00 0.13 0.24 0.13 0.99 0.41 0.19 0.11 0.18 0.62 0.19 0.51 1.35
3.37 1.00 1.01 0.20 0.11 0.14 0.13 1.00 0.13 0.12 0.18 0.19 0.40 0.36 0.18
1.00 0.99 1.00 0.12 0.15 0.35 0.22 0.30 0.20 0.13 0.27 0.17 0.18 0.13 0.64
7.68 5.09 8.37 1.00 0.11 0.16 0.11 1.11 0.20 0.10 0.49 0.13 0.21 0.10 0.10
4.33 9.12 6.60 8.92 1.00 0.10 0.71 0.26 0.15 1.32 0.12 0.12 0.22 0.33 0.40
7.88 7.31 2.88 6.17 9.43 1.00 0.19 0.45 0.14 1.98 0.14 0.30 0.33 0.33 0.24
1.01 7.98 4.65 9.09 1.41 5.31 1.00 1.00 0.11 0.40 0.15 0.11 0.41 0.73 0.16
2.44 1.00 3.39 0.89 3.85 2.20 1.00 1.00 0.19 0.16 0.13 0.22 0.27 1.56 0.27
5.37 7.94 4.88 4.86 6.66 7.20 9.11 5.33 1.00 0.21 1.99 0.18 0.29 0.11 0.33
9.42 8.28 7.44 9.43 0.77 0.49 2.52 6.19 4.74 1.00 0.15 0.29 0.18 0.13 0.23
5.77 5.74 3.78 2.04 8.24 6.93 6.81 7.90 0.50 6.58 1.00 0.30 0.22 4.50 1.48
1.60 5.21 6.14 7.69 8.19 3.26 9.26 4.52 5.68 3.40 3.29 1.00 0.43 0.21 0.94
5.16 2.47 5.54 4.77 4.49 2.98 2.48 3.72 3.47 5.49 4.55 2.36 1.00 0.10 0.16
1.98 2.81 7.55 9.71 3.00 3.06 1.34 0.63 9.35 7.48 0.22 4.79 9.56 1.00 1.10
0.74 5.75 1.59 9.40 2.53 4.18 6.16 3.83 3.01 4.30 0.69 1.07 6.23 0.90 1.00
20
1.00 0.13 0.11 0.12 1.12 0.22 0.13 0.37 0.35 0.11 0.33 0.31 0.11 0.23 1.21 0.11 0.15 0.17 0.25 8.62
7.58 1.00 2.63 0.20 0.15 0.11 0.99 0.27 0.45 0.28 1.01 0.19 0.11 1.15 0.16 0.13 0.75 0.13 0.25 0.17
8.73 0.38 1.00 0.13 0.11 0.34 0.96 0.37 0.41 0.17 0.82 0.21 0.13 0.23 0.18 0.10 0.11 0.42 0.43 0.15
8.58 4.85 7.58 1.00 0.11 1.24 2.08 0.16 0.10 0.36 0.12 0.28 1.11 0.16 0.15 0.15 0.11 0.13 0.94 0.28
0.89 6.71 9.45 8.80 1.00 0.10 2.33 0.15 0.11 0.23 0.12 0.81 0.24 0.25 0.16 0.14 0.15 0.50 0.29 0.19
4.60 8.91 2.92 0.82 9.78 1.00 0.73 0.16 1.43 1.38 0.11 0.43 0.24 0.57 0.31 0.19 3.56 0.18 2.14 0.19
7.50 1.01 1.05 0.49 0.43 1.39 1.00 0.30 0.11 1.00 0.12 0.18 0.19 0.22 0.31 0.28 0.11 0.13 0.21 0.11
2.69 3.71 2.67 6.36 6.71 6.17 3.31 1.00 0.12 0.22 0.14 0.16 0.85 0.27 0.21 0.26 0.13 0.20 0.13 0.26
2.84 2.23 2.41 9.71 8.94 0.69 9.59 8.18 1.00 0.16 0.31 0.18 0.17 0.88 0.13 0.15 0.10 0.59 0.17 0.13
8.59 3.61 5.87 2.70 4.23 0.72 1.00 4.53 6.13 1.00 0.99 0.15 0.32 0.24 0.28 0.16 0.34 0.17 3.45 1.30
2.99 0.99 1.22 8.70 8.58 8.80 8.21 7.25 3.16 1.01 1.00 2.58 0.10 0.12 0.21 0.30 0.20 1.63 0.65 0.15
3.16 5.07 4.83 3.53 1.23 2.32 5.60 6.19 5.56 6.55 0.38 1.00 0.48 0.45 0.27 0.25 0.14 0.27 0.16 0.17
9.33 8.76 7.49 0.90 4.26 4.16 5.12 1.19 5.91 3.12 9.75 2.10 1.00 1.18 0.16 0.12 0.15 0.14 0.13 0.71
4.38 0.86 4.31 6.37 4.07 1.78 4.61 3.65 1.14 4.02 8.63 2.27 0.85 1.00 1.02 0.16 0.16 0.74 0.76 0.29
0.84 6.25 5.62 6.78 6.40 3.27 3.20 4.70 7.90 3.55 4.63 3.71 6.42 0.98 1.00 1.12 0.61 0.60 0.16 0.12
9.49 8.05 9.73 6.43 7.03 5.24 3.67 3.90 6.75 6.28 3.33 3.89 8.45 6.01 0.90 1.00 0.15 0.20 1.42 0.10
6.41 1.35 9.38 9.04 6.67 0.28 9.42 7.61 9.90 3.00 5.08 7.34 6.59 6.16 1.61 6.89 1.00 1.02 0.20 0.52
6.08 7.78 2.44 7.79 2.00 5.69 7.64 5.03 1.69 6.03 0.61 3.74 7.07 1.32 1.67 5.13 1.00 1.00 0.16 0.14
3.99 3.88 2.30 1.07 3.39 0.48 4.73 7.54 6.13 0.29 1.57 6.07 7.71 1.29 6.36 0.72 5.00 6.29 1.00 2.14
0.12 5.69 6.65 3.63 5.43 5.07 8.66 3.89 7.42 0.76 6.54 5.80 1.41 3.42 8.24 9.71 1.89 7.12 0.46 1.00
4
1.00 0.75 0.10 0.14
1.32 1.00 0.20 0.17
9.64 4.98 1.00 0.18
7.23 6.00 5.45 1.00
8
1.00 1.20 0.18 0.26 1.05 0.77 0.19 0.23
0.84 1.00 0.15 0.37 1.00 1.01 0.12 1.53
5.66 6.75 1.00 0.23 0.28 2.80 0.10 0.62
3.89 2.67 4.47 1.00 0.19 0.27 0.22 0.31
0.96 1.00 3.50 5.41 1.00 0.99 0.29 0.29
1.29 0.99 0.36 3.72 1.01 1.00 0.13 0.11
5.25 8.17 9.63 4.51 3.48 7.75 1.00 0.39
4.34 0.64 1.60 3.26 3.49 8.87 2.56 1.00
12
1.00 0.13 0.34 0.12 0.26 0.12 0.16 0.31 0.13 0.17 1.03 0.10
7.99 1.00 1.00 0.21 0.30 0.14 0.65 0.11 0.78 0.15 1.00 0.21
2.94 1.00 1.00 0.12 0.13 0.12 2.49 0.28 0.27 1.00 0.11 0.12
8.75 4.71 8.40 1.00 0.20 0.15 0.83 0.14 0.13 0.24 0.56 0.49
3.96 3.42 7.50 5.09 1.00 0.17 0.31 0.15 0.12 0.93 0.56 0.59
8.22 7.05 8.09 6.70 5.82 1.00 0.15 0.50 0.35 6.65 0.10 0.38
6.17 1.55 0.41 1.18 3.17 6.87 1.00 0.18 0.29 0.11 0.21 0.14
3.17 9.04 3.57 7.17 6.89 1.98 5.57 1.00 0.38 1.00 1.01 0.18
7.89 1.29 3.82 8.12 7.99 2.92 3.49 2.61 1.00 0.21 0.11 0.56
5.85 6.66 1.00 4.15 1.09 0.15 9.21 1.00 4.78 1.00 0.17 0.11
0.98 1.00 9.28 1.82 1.82 9.87 4.95 0.99 8.69 5.67 1.00 0.19
9.79 4.94 8.44 1.99 1.69 2.62 7.32 5.66 1.82 8.89 5.15 1.00
6
1.00 0.20 0.63 0.14 0.17 0.22
5.02 1.00 0.17 1.11 0.30 0.21
1.60 6.04 1.00 0.14 0.80 0.22
7.50 0.90 7.00 1.00 0.17 0.14
5.71 3.32 1.24 5.81 1.00 0.12
4.54 4.58 4.63 7.19 8.10 1.00
