5
1.00 0.13 1.60 0.23 0.14
7.70 1.00 0.18 0.15 0.11
0.63 5.57 1.00 0.16 0.13
4.34 6.70 6.39 1.00 1.07
6.97 9.19 7.81 0.95 1.00
10
1.00 0.18 0.13 0.31 0.21 0.25 0.12 0.48 0.12 0.14
5.54 1.00 0.12 0.16 0.32 0.11 0.16 0.27 0.27 0.43
7.94 8.44 1.00 0.17 0.55 0.19 0.19 0.22 0.19 0.14
3.21 6.14 5.82 1.00 0.12 0.21 0.55 0.10 0.12 0.21
4.64 3.09 1.82 8.35 1.00 0.27 0.16 0.14 0.21 0.60
4.07 8.98 5.43 4.73 3.69 1.00 0.14 0.12 0.20 3.07
8.41 6.12 5.14 1.86 6.56 7.31 1.00 0.37 0.57 0.17
2.13 3.64 4.56 9.71 7.00 8.23 2.68 1.00 0.15 0.16
8.29 3.79 5.16 8.60 4.82 5.02 1.72 6.41 1.00 0.17
7.13 2.36 7.16 4.79 1.68 0.32 5.72 6.27 5.71 1.00
15
1.00 0.49 0.14 0.15 0.67 9.59 0.11 0.12 0.16 0.38 0.12 0.28 0.24 0.15 0.29
2.08 1.00 0.14 0.24 0.23 0.10 0.12 0.11 0.10 0.41 0.14 0.21 3.09 0.30 5.60
7.37 6.93 1.00 0.21 0.43 0.28 0.15 0.28 0.12 0.16 0.33 0.11 0.15 0.10 0.11
6.77 4.15 4.83 1.00 2.12 0.17 0.18 0.37 0.10 0.20 0.18 0.35 0.14 0.36 5.26
1.52 4.37 2.27 0.47 1.00 0.13 0.14 0.15 0.35 0.14 0.14 0.65 0.57 0.10 0.33
0.10 9.87 3.56 5.84 7.32 1.00 0.22 0.20 0.17 0.12 0.12 0.12 1.40 0.55 5.83
9.48 8.07 6.90 5.62 7.52 4.60 1.00 0.14 0.13 0.53 0.16 0.16 0.18 0.16 0.24
8.15 9.23 3.56 2.74 6.79 4.99 7.31 1.00 0.19 0.17 0.29 0.12 0.25 0.18 0.25
6.18 9.76 8.61 9.75 2.85 5.75 7.93 5.40 1.00 0.92 0.18 0.59 1.08 0.16 0.14
2.65 2.42 6.11 4.99 6.97 8.47 1.86 5.74 1.08 1.00 0.37 0.31 0.62 0.29 0.26
8.42 7.16 3.04 5.66 6.87 8.08 6.27 3.38 5.59 2.63 1.00 0.37 0.11 0.12 0.23
3.58 4.88 8.82 2.91 1.52 8.02 6.29 8.42 1.69 3.21 2.72 1.00 0.39 0.27 0.13
4.16 0.33 6.59 6.97 1.74 0.73 5.47 3.99 0.92 1.62 8.78 2.52 1.00 0.32 0.13
6.60 3.29 9.65 2.77 9.60 1.83 6.28 5.63 6.37 3.50 7.99 3.68 3.08 1.00 0.35
3.47 0.18 9.38 0.19 2.97 0.17 4.13 3.97 7.32 3.81 4.24 7.59 8.01 2.89 1.00
