569
67212 -8906 -7307 SPOOKY
24914 -4620 -6734 SPOOKY
19135 -7320 -6970 NORMAL
77451 -5582 -4821 NORMAL
42336 -3694 -865 SPOOKY
46103 -4879 4156 NORMAL
30514 -5144 3219 SPOOKY
99795 7108 -1111 SPOOKY
56036 -8050 3521 NORMAL
47739 9734 4560 SPOOKY
57230 -8270 -5679 SPOOKY
48551 -8503 -3375 NORMAL
90661 -6917 -6616 SPOOKY
9414 6557 307 SPOOKY
44552 5986 4382 NORMAL
4841 -9850 3467 SPOOKY
51973 -8745 -4679 NORMAL
39836 -3934 -2276 SPOOKY
95673 -1161 -2084 SPOOKY
84823 2443 -7907 SPOOKY
28433 -8250 -677 NORMAL
84551 2187 -3822 SPOOKY
19403 8090 1725 SPOOKY
27622 9464 -1131 SPOOKY
42341 -47 -1573 SPOOKY
25801 8633 1088 SPOOKY
46826 -5494 -8627 SPOOKY
91813 -4987 7907 SPOOKY
10749 1799 498 NORMAL
9064 -9449 1125 SPOOKY
75285 -7852 -5126 SPOOKY
54133 3898 5856 SPOOKY
58355 -4941 -6070 NORMAL
51590 -9506 -3263 NORMAL
25104 5295 5164 NORMAL
42999 2398 -6998 SPOOKY
50474 4359 6600 SPOOKY
23301 35 -6546 NORMAL
32871 6681 -598 SPOOKY
39583 -8287 603 SPOOKY
94095 -9859 -2873 NORMAL
54146 -7881 -7118 SPOOKY
64095 2277 -9052 NORMAL
17586 -9097 6071 NORMAL
51170 7504 9352 NORMAL
14142 -7120 -6255 SPOOKY
67271 -857 -3913 NORMAL
87468 -7815 3752 SPOOKY
38838 -4763 1341 SPOOKY
86443 94 -8759 SPOOKY
51314 3272 5749 SPOOKY
45796 -4154 -6363 NORMAL
84225 451 -3842 SPOOKY
25926 7262 4168 NORMAL
71990 -1231 -9421 SPOOKY
93559 9088 -7586 SPOOKY
42131 1169 -7429 SPOOKY
95984 -5600 -2328 SPOOKY
58610 -8910 7688 SPOOKY
11100 -2667 9569 SPOOKY
75632 -4828 8844 SPOOKY
23386 6824 6477 SPOOKY
45798 9941 2739 NORMAL
68247 3909 -4494 NORMAL
68227 -9885 -7625 NORMAL
35473 -7435 -2738 SPOOKY
44742 -4606 9925 SPOOKY
47852 -1097 2970 SPOOKY
50473 3747 8290 NORMAL
23309 4330 -1569 SPOOKY
33547 5579 -7469 NORMAL
17847 2487 -9552 NORMAL
62244 8166 1041 SPOOKY
50498 -4962 9801 NORMAL
99357 -9514 4053 SPOOKY
95110 3870 6560 SPOOKY
2316 -8426 2904 NORMAL
94218 -3195 6790 SPOOKY
88477 -3551 5982 NORMAL
51001 7114 6114 SPOOKY
89854 5275 5637 SPOOKY
20239 5664 2438 SPOOKY
20323 1905 -513 NORMAL
29145 -7536 -6571 NORMAL
82185 9434 -5443 SPOOKY
83656 718 403 NORMAL
62054 5709 4398 NORMAL
51792 7394 8424 SPOOKY
87574 -5816 4898 SPOOKY
97764 -7204 -3428 SPOOKY
34204 -8761 -5032 SPOOKY
84398 -8617 7364 NORMAL
64419 3468 -9724 NORMAL
81845 197 6303 SPOOKY
24448 -4789 2637 SPOOKY
99823 -2897 -1805 SPOOKY
53129 -968 -5834 NORMAL
47349 -9445 1292 SPOOKY
56709 3190 94 SPOOKY
4113 3355 127 SPOOKY
97301 5558 4535 SPOOKY
84126 -8857 7900 SPOOKY
64770 2589 -8678 NORMAL
17799 -290 -3659 SPOOKY
83151 3814 2387 SPOOKY
26276 20 -3395 NORMAL
64191 3968 5623 SPOOKY
35567 -5913 4229 SPOOKY
1444 2472 8027 SPOOKY
2509 -7282 9595 NORMAL
71250 -2275 3095 SPOOKY
34929 4610 -3467 SPOOKY
91096 -4781 6740 SPOOKY
58388 -1641 1504 SPOOKY
18585 7432 -8198 SPOOKY
54122 -8510 -5869 SPOOKY
65116 -7564 9236 SPOOKY
40617 6266 4741 SPOOKY
95816 4625 -4165 SPOOKY
1885 -1493 4793 NORMAL
15238 -1074 -6784 SPOOKY
41015 -3249 9135 NORMAL
38583 1001 867 SPOOKY
41498 -3840 -5596 SPOOKY
62967 -3603 -4719 SPOOKY
63643 7857 -9427 SPOOKY
34377 -8334 9658 SPOOKY
56681 -224 -7455 SPOOKY
73419 1532 7618 SPOOKY
34314 4301 5791 NORMAL
96959 -7373 7652 NORMAL
43004 3875 2857 NORMAL
54924 -7730 -1415 SPOOKY
10593 -8337 2674 SPOOKY
23298 -8795 -8716 SPOOKY
23173 5410 -1410 NORMAL
57432 8253 -845 NORMAL
32475 -860 6309 SPOOKY
10566 -4858 -8408 SPOOKY
17936 6209 -4118 SPOOKY
61802 8727 -8635 NORMAL
3520 -8590 5625 SPOOKY
79978 -2325 -7404 SPOOKY
54953 1444 -875 SPOOKY
22440 -579 2040 SPOOKY
83820 -3525 1870 SPOOKY
36890 7541 -7896 SPOOKY
5086 -9521 -9271 NORMAL
5506 3292 -2452 SPOOKY
71492 4938 1102 NORMAL
42551 213 -1240 SPOOKY
55376 436 -4018 NORMAL
1739 -7541 -3163 SPOOKY
92487 3883 -3362 NORMAL
35333 4338 -1354 NORMAL
77871 -4084 6868 SPOOKY
85433 -8585 7744 SPOOKY
47080 -1394 -5397 NORMAL
21005 4812 1080 SPOOKY
64568 4258 -881 NORMAL
82477 -2002 -3941 SPOOKY
28552 -6451 5292 SPOOKY
95779 -973 6503 SPOOKY
38247 -5603 -4660 NORMAL
55987 9503 9571 SPOOKY
96971 -4225 8208 SPOOKY
53608 -2736 7201 SPOOKY
79821 -3993 7352 SPOOKY
24359 7325 -844 SPOOKY
79133 813 4150 SPOOKY
52656 -8643 6186 SPOOKY
34705 6961 -5748 SPOOKY
17957 4228 2333 SPOOKY
1715 -2669 6973 SPOOKY
71674 -8850 -4593 SPOOKY
22537 205 -1177 SPOOKY
23270 7391 -9113 SPOOKY
27910 -2969 -433 SPOOKY
63768 15 -3928 SPOOKY
7471 -9102 -5650 SPOOKY
58082 9562 -173 NORMAL
4212 5298 71 NORMAL
79922 5694 4088 SPOOKY
79171 7155 9992 NORMAL
31204 -991 -6969 NORMAL
32169 -5820 -6560 NORMAL
85539 -1281 9010 SPOOKY
69664 -6986 7049 NORMAL
31305 -8826 -706 SPOOKY
9983 8810 -5902 SPOOKY
80731 8440 9514 SPOOKY
52997 1993 -3749 SPOOKY
33103 -7757 6131 SPOOKY
24877 -1495 3140 SPOOKY
15771 -8705 9709 SPOOKY
98160 -1285 -2580 SPOOKY
32170 6878 2599 SPOOKY
13479 -8604 -6377 SPOOKY
46645 9795 6477 SPOOKY
39887 -1473 -6651 NORMAL
80847 8020 2792 SPOOKY
21297 -213 -4417 SPOOKY
41588 1079 -215 NORMAL
95517 8075 2883 SPOOKY
57882 -3172 7387 SPOOKY
72307 -5843 -8106 NORMAL
56221 -9906 -5506 NORMAL
56452 7439 -9233 SPOOKY
74886 -4954 1557 NORMAL
86823 1948 -6010 SPOOKY
3812 -1646 -55 SPOOKY
66800 -4088 -6564 SPOOKY
41079 -3751 9282 NORMAL
5776 7538 -2849 NORMAL
66149 -8792 -5439 SPOOKY
86872 3220 -2096 SPOOKY
52829 -6763 3922 SPOOKY
22956 -8091 -7017 SPOOKY
2878 6071 -9350 SPOOKY
78381 -1395 -7362 SPOOKY
77443 1062 5951 SPOOKY
41209 1618 -5797 SPOOKY
51267 9943 945 NORMAL
8262 -9828 -8404 SPOOKY
79422 -3563 -5047 SPOOKY
63482 6235 -4136 SPOOKY
19696 -9358 4196 SPOOKY
74925 8583 -4130 SPOOKY
83498 7121 -6294 NORMAL
27967 4266 -2810 SPOOKY
29653 7389 -6752 SPOOKY
78826 993 -1545 SPOOKY
20399 -5919 -1153 SPOOKY
98260 5744 -5287 SPOOKY
33397 -8890 5740 SPOOKY
20525 -5757 2859 SPOOKY
36701 -8414 4601 NORMAL
16769 -3632 9843 NORMAL
9219 -3545 4094 SPOOKY
60897 -4587 -1298 SPOOKY
87394 -2135 -1989 NORMAL
92299 7411 -224 SPOOKY
16745 6683 6088 NORMAL
93034 -3154 -8937 NORMAL
7601 1533 8987 NORMAL
1728 -8656 -5586 NORMAL
65519 2984 3382 SPOOKY
89269 3023 -630 NORMAL
4134 8144 -9702 NORMAL
4772 2766 4227 NORMAL
3144 -8645 1637 NORMAL
4784 8620 -8908 SPOOKY
44291 -1193 8793 NORMAL
85706 -2031 -6298 SPOOKY
60577 -2103 -5866 SPOOKY
69441 -2396 8279 SPOOKY
84376 -8720 9767 NORMAL
65339 -4620 9522 NORMAL
99469 3344 -4461 NORMAL
54059 -4147 -4310 NORMAL
21847 -3062 3334 NORMAL
37088 9406 -6394 NORMAL
67304 -4513 -86 SPOOKY
54859 7317 8633 SPOOKY
83116 -5787 903 NORMAL
9602 4795 -6213 SPOOKY
50206 -4689 6780 NORMAL
4418 -9794 5559 SPOOKY
45697 2777 -7933 SPOOKY
23190 -7162 -5624 SPOOKY
91713 969 -8217 SPOOKY
36886 -3845 4597 SPOOKY
35343 1469 9763 SPOOKY
43891 2790 4841 NORMAL
57401 2188 4606 SPOOKY
71579 -7805 -3598 NORMAL
10626 -3078 -639 SPOOKY
2178 -2771 -2710 SPOOKY
98968 7430 9379 SPOOKY
18182 -2289 -2845 SPOOKY
90558 744 -4015 SPOOKY
39069 -53 -5723 NORMAL
63830 6174 206 SPOOKY
28348 5585 -7184 NORMAL
57141 -7439 2347 NORMAL
65511 5878 9682 SPOOKY
75677 5451 -1528 SPOOKY
43983 -845 -8592 NORMAL
64039 8988 1587 SPOOKY
50431 7240 1001 NORMAL
38830 3715 4640 SPOOKY
40341 -5513 -2419 SPOOKY
76745 -858 1293 NORMAL
6337 -2654 -7483 NORMAL
82766 -5484 -2160 SPOOKY
94978 -1297 -8814 SPOOKY
44386 -9723 -889 SPOOKY
4587 8913 8515 SPOOKY
87313 -1819 -2342 SPOOKY
29876 2429 -4744 SPOOKY
83267 -304 2468 SPOOKY
88774 1923 6700 SPOOKY
92280 9592 -5369 SPOOKY
29288 4021 373 NORMAL
17863 8255 7738 NORMAL
82432 5423 6987 NORMAL
79117 1673 -4462 SPOOKY
19676 7461 -668 NORMAL
76921 7552 3897 NORMAL
16209 8119 -8595 SPOOKY
46867 6684 6052 NORMAL
94102 -2875 8240 SPOOKY
69700 -255 9624 NORMAL
39180 2765 -6802 SPOOKY
50955 -2117 -524 NORMAL
19832 -5022 9691 SPOOKY
23922 8083 -6302 NORMAL
12647 9217 -8065 NORMAL
81944 -9330 2128 SPOOKY
33631 -9819 7051 SPOOKY
20990 -2267 -3692 SPOOKY
75436 -9754 -1075 SPOOKY
2020 -306 -5887 NORMAL
28953 9858 -1736 NORMAL
31899 -3721 4112 NORMAL
41883 -153 -7049 SPOOKY
73557 -6442 7782 NORMAL
36568 6248 -3106 SPOOKY
51984 2121 5089 SPOOKY
82659 8241 9 SPOOKY
41298 3467 -6199 NORMAL
38828 1924 -5447 NORMAL
33910 -5925 1377 SPOOKY
26819 5121 -672 SPOOKY
41367 2398 -6046 SPOOKY
73301 -5024 5851 SPOOKY
89726 3255 4126 NORMAL
8799 2556 -2219 SPOOKY
38679 6288 9984 SPOOKY
20462 -6884 -4704 SPOOKY
58643 1136 9205 SPOOKY
76484 -8361 -7040 SPOOKY
84154 9396 -3220 NORMAL
72382 -5620 3113 SPOOKY
28061 -5996 9304 SPOOKY
97197 6479 7264 SPOOKY
30435 2888 2608 SPOOKY
70823 -2351 -3279 NORMAL
60772 4509 8345 SPOOKY
55232 -780 814 SPOOKY
81744 5438 -365 NORMAL
64604 -7929 -4491 SPOOKY
53610 -1915 -5809 NORMAL
49711 462 9564 NORMAL
47437 -2228 -1498 SPOOKY
63022 694 -630 SPOOKY
82595 -8345 7749 SPOOKY
11028 1398 9300 NORMAL
30828 9761 5431 SPOOKY
11928 -6896 -5012 SPOOKY
66675 1002 -367 SPOOKY
53407 8726 3753 NORMAL
50586 -967 -7298 NORMAL
63749 4509 -2231 SPOOKY
48362 -2994 4285 SPOOKY
91786 -1119 8823 SPOOKY
57770 -9048 -4878 NORMAL
23743 8669 -5826 NORMAL
93154 4682 2334 SPOOKY
31593 8500 8646 SPOOKY
61037 8520 -2038 SPOOKY
96466 -4065 -5503 NORMAL
33283 4649 2417 SPOOKY
24422 -5210 9563 SPOOKY
56548 891 6490 SPOOKY
35690 7873 2833 NORMAL
63856 -6861 -9484 SPOOKY
93545 -1029 7412 NORMAL
71217 -8620 1399 SPOOKY
22655 4493 -8996 NORMAL
43600 772 3497 NORMAL
1238 1104 -7929 SPOOKY
13794 -6606 774 SPOOKY
81827 7997 -9149 SPOOKY
80572 4896 9066 SPOOKY
60204 -2266 3081 SPOOKY
68615 1286 -9094 NORMAL
93772 -765 9639 SPOOKY
25010 -7450 -6507 NORMAL
50557 4412 3313 SPOOKY
60191 -627 -9156 NORMAL
21943 -4682 2769 NORMAL
57166 4494 -3830 SPOOKY
80651 2492 -7462 NORMAL
45878 -7583 5758 SPOOKY
21185 -8592 7198 NORMAL
96562 7636 -663 SPOOKY
9086 8801 2722 SPOOKY
60666 -2490 -8981 SPOOKY
53164 -5933 4184 SPOOKY
62514 -1992 -947 SPOOKY
34772 4484 -3352 SPOOKY
50998 5376 9063 NORMAL
10879 -2379 -3923 SPOOKY
79852 -5868 -6071 SPOOKY
38275 8229 8130 SPOOKY
21774 -7205 4214 SPOOKY
36777 8362 -2406 NORMAL
92776 7166 8854 SPOOKY
89553 -7662 -2481 SPOOKY
17280 9280 -3165 SPOOKY
72937 -9404 7565 SPOOKY
85045 -2925 -9220 SPOOKY
25667 5061 -816 SPOOKY
70774 -9554 3493 SPOOKY
99959 823 -4669 SPOOKY
36960 -3450 3422 NORMAL
70907 2524 4524 NORMAL
9653 -386 2738 SPOOKY
49369 9354 7293 SPOOKY
42648 5219 1441 NORMAL
8879 9717 -1782 NORMAL
20215 874 -6743 SPOOKY
80933 -235 2604 SPOOKY
94348 651 -3316 SPOOKY
41611 -3070 1337 SPOOKY
33685 3023 7875 SPOOKY
91415 856 -367 SPOOKY
72956 -9757 3515 SPOOKY
19067 -3230 8946 SPOOKY
7657 -137 1002 SPOOKY
86322 -2240 -313 SPOOKY
55797 6671 700 NORMAL
85251 5583 5535 SPOOKY
43039 -7660 -5019 SPOOKY
84940 1877 2934 NORMAL
93462 -2054 -7590 SPOOKY
53370 -4325 1159 SPOOKY
13882 -4140 -6849 SPOOKY
31431 -3337 -5168 NORMAL
89107 -5090 -9961 SPOOKY
85866 8046 5315 SPOOKY
9205 578 -8577 SPOOKY
51100 4999 -2001 NORMAL
79100 -8705 7133 SPOOKY
52268 2873 -3925 SPOOKY
45663 6626 9582 SPOOKY
11938 8842 7161 SPOOKY
55168 -5326 2862 SPOOKY
90425 4096 4140 SPOOKY
19741 3839 -9849 SPOOKY
99188 -8541 -2822 SPOOKY
66284 3173 -4275 NORMAL
66013 -8228 9158 NORMAL
83186 -8760 -1239 NORMAL
30393 -2144 5463 SPOOKY
97199 5417 -5700 SPOOKY
86184 -6438 1107 SPOOKY
58674 224 -3282 SPOOKY
81316 -6059 -9056 NORMAL
72374 -9635 -415 SPOOKY
26038 8295 -2331 NORMAL
71244 -306 -5233 SPOOKY
94127 -864 1582 SPOOKY
28495 7750 8415 NORMAL
68095 7044 9993 SPOOKY
10887 4504 1340 NORMAL
62089 -9871 -1279 NORMAL
8626 -7742 -1969 NORMAL
64062 1829 8156 SPOOKY
27849 6533 -8167 SPOOKY
3029 3609 -7544 SPOOKY
45213 4193 -8566 NORMAL
42000 5031 -2685 NORMAL
67856 5968 893 SPOOKY
3915 -9783 -2388 SPOOKY
47333 -2240 5863 NORMAL
79628 -8676 -6696 SPOOKY
96488 9834 -1028 SPOOKY
93071 1084 1569 SPOOKY
59893 -8290 3528 SPOOKY
66976 9378 -7620 SPOOKY
69221 -1189 6749 NORMAL
52415 -7218 3866 NORMAL
79997 -2883 1222 NORMAL
65015 6292 1381 NORMAL
74708 -6034 -5994 NORMAL
16514 3290 -7086 SPOOKY
28125 -6647 -3646 NORMAL
97214 4622 4521 NORMAL
58404 -3364 4314 SPOOKY
52222 6793 -2115 SPOOKY
21370 6782 766 SPOOKY
11220 3600 -3766 NORMAL
98046 5479 -9120 SPOOKY
73641 -6154 -2684 SPOOKY
67080 -2701 5724 NORMAL
3366 4078 1533 NORMAL
86393 -2551 -6229 SPOOKY
80510 -4626 -1253 SPOOKY
41660 1025 -2331 NORMAL
82861 7909 9431 SPOOKY
73211 9770 1736 SPOOKY
78418 -9993 -6626 SPOOKY
82710 4025 4109 SPOOKY
40287 -368 -522 SPOOKY
86107 -3337 -513 NORMAL
3251 -3435 5526 SPOOKY
23755 1686 -7912 SPOOKY
20819 -76 -7976 NORMAL
9513 -9072 -5399 SPOOKY
60393 -592 -800 NORMAL
1278 2631 -6583 SPOOKY
35501 -9730 -5396 SPOOKY
93159 4842 3362 NORMAL
85099 -9027 4473 NORMAL
36069 4333 -4529 SPOOKY
1569 7352 -616 NORMAL
64206 2571 9968 SPOOKY
48157 -9909 -9930 SPOOKY
72700 3011 -9180 SPOOKY
17152 3953 5647 SPOOKY
11331 -6427 5951 SPOOKY
85777 3362 8123 SPOOKY
54875 9542 -563 SPOOKY
76285 -2064 6774 SPOOKY
6821 8473 -4965 NORMAL
54534 4900 -3413 SPOOKY
89979 8307 -2147 SPOOKY
18997 -7068 -4877 SPOOKY
80441 -7537 -8469 NORMAL
50869 9026 -4757 SPOOKY
49055 6645 -7193 SPOOKY
44844 -3531 8722 SPOOKY
62028 3008 -5322 SPOOKY
7986 -2472 -1784 SPOOKY
6298 121 1243 SPOOKY
18158 -6149 3451 NORMAL
30507 -6482 6475 SPOOKY
45626 -6344 7752 SPOOKY
70910 -1609 -478 NORMAL
3543 2377 7687 SPOOKY
1379 -9136 8551 SPOOKY
72370 -3078 -2692 SPOOKY
23935 5037 -9983 SPOOKY
16091 -6737 -8348 NORMAL
47683 -1144 8024 SPOOKY
57077 -3838 -4822 SPOOKY
33200 -3691 -7743 NORMAL
47365 9395 -1431 NORMAL
20015 824 -2583 NORMAL
25028 -7929 -6220 SPOOKY
92145 950 9074 SPOOKY
40895 6546 3177 SPOOKY
7101 -1501 4893 SPOOKY
37372 -8649 7298 SPOOKY
45783 -1261 3290 SPOOKY
20725 5346 -4928 SPOOKY
6535 3555 2424 SPOOKY
93282 1529 8161 SPOOKY
26023 -4717 275 SPOOKY
95560 1532 -5565 NORMAL
64127 -5467 4854 SPOOKY
12624 -3101 6609 NORMAL
96644 -8190 2304 SPOOKY
20457 -9238 622 SPOOKY
92312 4564 -5481 SPOOKY
87077 -3165 9005 SPOOKY
30596 9088 2250 SPOOKY
