0.04
288
stuff0 457 0.37 577
stuff1 727 0.75 60
stuff2 412 0.57 524
stuff3 502 0.31 482
stuff4 238 0.67 353
stuff5 411 0.97 495
stuff6 657 0.88 439
stuff7 312 0.35 59
stuff8 399 0.93 21
stuff9 94 0.9 581
stuff10 978 0.49 649
stuff11 207 0.69 238
stuff12 606 0.12 780
stuff13 558 0.66 943
stuff14 776 0.82 427
stuff15 900 0.81 748
stuff16 296 0.2 6
stuff17 235 0.8 967
stuff18 675 0.27 926
stuff19 436 0.44 520
stuff20 398 0.34 745
stuff21 257 0.21 17
stuff22 944 0.27 783
stuff23 335 0.5 146
stuff24 281 0.82 385
stuff25 533 0.68 178
stuff26 927 0.8 506
stuff27 32 0.22 294
stuff28 192 0.98 418
stuff29 366 0.42 463
stuff30 100 0.81 542
stuff31 156 0.62 543
stuff32 519 0.78 139
stuff33 244 0.56 523
stuff34 618 0.25 316
stuff35 380 0.95 252
stuff36 59 0.2 377
stuff37 373 0.36 678
stuff38 573 0.01 972
stuff39 253 0.59 71
stuff40 756 0.32 406
stuff41 272 0.88 373
stuff42 647 0.8 937
stuff43 931 0.06 405
stuff44 251 1.0 681
stuff45 396 0.06 858
stuff46 159 0.82 443
stuff47 854 0.62 347
stuff48 452 0.65 455
stuff49 868 0.83 978
stuff50 823 0.52 44
stuff51 269 0.17 900
stuff52 938 0.22 527
stuff53 605 0.53 78
stuff54 304 0.78 497
stuff55 992 0.89 523
stuff56 602 0.56 949
stuff57 819 0.23 896
stuff58 951 0.08 563
stuff59 414 0.28 803
stuff60 951 0.64 434
stuff61 414 0.65 703
stuff62 782 0.44 386
stuff63 759 0.43 805
stuff64 931 0.34 93
stuff65 407 0.67 574
stuff66 346 0.84 188
stuff67 444 1.0 110
stuff68 431 0.66 760
stuff69 579 0.56 339
stuff70 224 0.62 275
stuff71 14 0.51 4
stuff72 997 0.87 876
stuff73 394 0.2 380
stuff74 345 0.44 818
stuff75 520 0.82 638
stuff76 470 0.63 543
stuff77 279 0.35 791
stuff78 279 0.27 106
stuff79 729 0.49 281
stuff80 135 0.13 184
stuff81 422 0.37 994
stuff82 959 0.75 380
stuff83 9 0.02 403
stuff84 81 0.48 279
stuff85 834 0.83 693
stuff86 88 0.2 502
stuff87 1 0.62 494
stuff88 310 0.82 309
stuff89 177 0.6 151
stuff90 331 0.24 118
stuff91 509 0.26 395
stuff92 548 0.39 174
stuff93 795 0.29 286
stuff94 24 0.12 377
stuff95 272 0.84 62
stuff96 297 0.25 727
stuff97 234 0.19 917
stuff98 919 0.31 23
stuff99 189 0.69 261
stuff100 129 0.04 241
stuff101 13 0.44 605
stuff102 152 0.6 802
stuff103 890 0.25 187
stuff104 981 0.79 855
stuff105 214 0.89 476
stuff106 669 0.47 30
stuff107 248 0.93 67
stuff108 2 0.72 817
stuff109 585 0.2 768
stuff110 960 0.26 198
stuff111 205 0.89 772
stuff112 490 0.18 650
stuff113 515 0.62 627
stuff114 469 0.64 898
stuff115 640 0.41 536
stuff116 78 0.54 81
stuff117 552 0.18 329
stuff118 402 0.95 974
stuff119 772 0.46 181
stuff120 818 0.3 336
stuff121 467 0.8 118
stuff122 133 0.62 524
stuff123 824 0.17 370
stuff124 387 0.84 190
stuff125 63 0.69 717
stuff126 633 0.87 486
stuff127 763 0.11 226
stuff128 510 0.9 477
stuff129 591 0.37 204
stuff130 378 0.91 360
stuff131 95 0.07 663
stuff132 691 0.79 728
stuff133 149 0.12 357
stuff134 967 0.09 730
stuff135 818 0.14 373
stuff136 411 0.45 862
stuff137 728 0.44 17
stuff138 691 0.6 865
stuff139 251 1.0 522
stuff140 479 0.76 544
stuff141 647 0.74 414
stuff142 701 0.2 9
stuff143 445 0.95 218
stuff144 640 0.35 570
stuff145 385 0.1 462
stuff146 441 0.56 280
stuff147 981 0.87 853
stuff148 976 0.7 929
stuff149 279 0.96 146
stuff150 465 0.5 774
stuff151 237 0.23 720
stuff152 739 0.71 217
stuff153 475 0.28 663
stuff154 432 0.08 64
stuff155 752 0.91 253
stuff156 811 0.59 615
stuff157 672 0.7 907
stuff158 910 0.34 515
stuff159 228 0.53 477
stuff160 993 0.68 915
stuff161 843 0.43 571
stuff162 210 0.97 908
stuff163 895 0.59 804
stuff164 333 0.28 678
stuff165 420 0.54 167
stuff166 859 0.01 686
stuff167 674 0.14 595
stuff168 503 0.77 602
stuff169 214 0.86 516
stuff170 738 0.46 666
stuff171 83 0.69 748
stuff172 537 0.78 728
stuff173 506 0.25 450
stuff174 607 0.71 44
stuff175 808 0.05 472
stuff176 188 0.2 608
stuff177 556 0.62 105
stuff178 158 0.09 529
stuff179 160 0.66 110
stuff180 82 0.95 112
stuff181 834 0.46 933
stuff182 448 0.58 239
stuff183 486 0.79 953
stuff184 275 0.11 828
stuff185 317 0.1 54
stuff186 443 0.38 609
stuff187 327 0.98 445
stuff188 639 0.25 515
stuff189 910 0.31 759
stuff190 712 0.38 306
stuff191 531 0.07 235
stuff192 997 0.61 634
stuff193 437 0.7 854
stuff194 247 0.71 97
stuff195 905 0.71 313
stuff196 477 0.97 628
stuff197 35 0.79 414
stuff198 123 0.55 134
stuff199 282 0.65 900
stuff200 451 0.46 159
stuff201 171 0.37 962
stuff202 162 0.93 575
stuff203 590 0.77 971
stuff204 45 0.78 817
stuff205 852 0.94 663
stuff206 51 0.33 828
stuff207 611 0.62 595
stuff208 798 0.99 554
stuff209 816 0.09 353
stuff210 506 0.81 984
stuff211 76 0.48 920
stuff212 779 0.99 19
stuff213 864 0.95 167
stuff214 813 0.2 454
stuff215 25 0.16 592
stuff216 403 0.54 862
stuff217 707 0.77 134
stuff218 562 0.38 566
stuff219 758 0.23 186
stuff220 927 0.22 340
stuff221 187 0.26 384
stuff222 784 0.29 481
stuff223 773 0.87 880
stuff224 131 0.5 906
stuff225 336 0.99 548
stuff226 91 0.36 233
stuff227 269 0.59 20
stuff228 936 0.8 146
stuff229 391 0.45 255
stuff230 626 0.85 757
stuff231 928 0.39 702
stuff232 930 0.46 942
stuff233 7 0.05 371
stuff234 218 0.73 264
stuff235 895 0.16 865
stuff236 541 0.83 407
stuff237 901 0.53 540
stuff238 690 0.2 185
stuff239 717 0.69 946
stuff240 279 0.39 541
stuff241 928 0.62 596
stuff242 845 0.83 690
stuff243 618 0.24 805
stuff244 205 0.36 864
stuff245 109 0.38 574
stuff246 586 0.68 19
stuff247 282 0.6 187
stuff248 577 0.28 846
stuff249 558 0.79 106
stuff250 410 0.13 896
stuff251 146 0.86 340
stuff252 655 0.69 555
stuff253 513 0.4 959
stuff254 248 0.32 438
stuff255 363 0.09 502
stuff256 519 0.2 639
stuff257 437 0.27 855
stuff258 24 0.37 422
stuff259 952 0.82 96
stuff260 665 0.82 142
stuff261 926 0.95 452
stuff262 87 0.82 426
stuff263 644 0.12 699
stuff264 944 0.02 717
stuff265 548 0.01 257
stuff266 45 0.4 636
stuff267 703 0.12 618
stuff268 704 0.34 467
stuff269 770 0.13 762
stuff270 234 0.25 50
stuff271 760 0.28 364
stuff272 768 0.72 541
stuff273 789 0.19 569
stuff274 100 0.2 811
stuff275 611 0.73 485
stuff276 805 0.5 632
stuff277 459 0.7 580
stuff278 914 0.93 28
stuff279 750 0.42 158
stuff280 292 0.22 425
stuff281 140 0.61 698
stuff282 820 0.45 526
stuff283 94 0.29 895
stuff284 439 0.83 400
stuff285 17 0.42 887
stuff286 570 0.9 105
stuff287 93 0.29 351
