0.02
73
stuff0 92 0.64 517
stuff1 29 0.75 822
stuff2 268 0.09 702
stuff3 237 0.44 298
stuff4 536 0.76 676
stuff5 779 0.08 107
stuff6 843 0.16 533
stuff7 342 0.38 77
stuff8 395 0.34 193
stuff9 967 0.01 503
stuff10 997 0.8 865
stuff11 571 0.82 151
stuff12 728 0.89 319
stuff13 596 0.92 837
stuff14 850 0.7 739
stuff15 295 0.45 867
stuff16 896 0.64 17
stuff17 292 0.04 755
stuff18 593 0.52 604
stuff19 983 0.12 767
stuff20 897 0.17 491
stuff21 902 0.08 537
stuff22 540 0.52 123
stuff23 834 0.18 957
stuff24 701 0.69 189
stuff25 771 0.87 168
stuff26 786 0.66 777
stuff27 534 0.79 225
stuff28 739 0.9 362
stuff29 634 0.04 718
stuff30 499 0.52 118
stuff31 524 0.85 34
stuff32 686 0.08 391
stuff33 840 0.41 666
stuff34 657 0.28 680
stuff35 482 0.23 780
stuff36 985 0.1 521
stuff37 327 0.82 885
stuff38 757 0.53 181
stuff39 478 0.24 376
stuff40 126 0.13 764
stuff41 229 0.12 609
stuff42 485 0.75 705
stuff43 478 0.44 665
stuff44 974 0.08 902
stuff45 702 0.5 637
stuff46 612 0.28 627
stuff47 235 0.39 37
stuff48 736 0.13 287
stuff49 144 0.51 3
stuff50 599 0.21 384
stuff51 850 0.75 895
stuff52 947 0.62 106
stuff53 331 0.51 854
stuff54 927 0.12 511
stuff55 247 0.73 709
stuff56 452 0.84 147
stuff57 79 0.09 949
stuff58 516 0.06 921
stuff59 54 0.57 672
stuff60 796 0.21 831
stuff61 547 0.66 957
stuff62 986 0.13 648
stuff63 497 0.58 95
stuff64 580 0.43 145
stuff65 18 0.44 887
stuff66 768 0.93 342
stuff67 378 0.15 208
stuff68 747 0.39 9
stuff69 682 0.4 900
stuff70 853 0.6 645
stuff71 16 0.58 997
stuff72 43 0.65 378
