15
20 19
4 14
12
2 9
3 10
4 10
5 9
6 8
6 12
6 15
6 16
6 19
7 17
8 15
8 16
19 19
2 16
2
4 17
5 17
18 19
18 12
6
8 12
9 13
10 14
11 10
11 13
12 12
18 18
17 14
6
2 7
2 11
4 9
17 15
17 17
18 13
18 20
8 11
1
1 20
18 18
13 17
8
2 17
2 18
3 15
3 16
10 13
11 11
11 12
13 10
20 18
16 6
9
1 1
2 1
3 1
12 7
13 10
15 9
18 16
19 16
20 16
20 18
19 11
3
1 1
1 18
20 18
18 20
5 2
1
12 20
18 20
17 12
2
1 1
18 20
19 18
14 16
10
8 8
8 9
8 10
8 11
9 8
9 9
9 10
10 8
10 9
10 10
18 20
15 4
10
3 14
3 18
4 5
4 18
5 16
6 1
6 3
6 4
7 5
7 18
19 19
3 13
10
2 7
4 6
5 5
5 6
6 7
15 11
15 14
16 12
17 11
17 13
19 20
18 5
6
8 3
8 9
12 15
16 15
17 13
19 16
19 18
13 10
4
12 3
15 11
16 11
17 11
