452 381 2100 212
182963 19806 -128763 155342 192213 -122252 31808 -189052 164803 50278 9122 188875 -193984 108272 14297 85754 -23821 49501 -8469 -31025 112740 193596 95988 -48554 119553 19112 -165920 -191414 185919 83668 63137 -177222 74856 199393 -3909 -84846 138436 160372 57405 -89059 136552 132249 -132945 75661 126289 -173881 85819 -61126 -82471 6011 31637 133227 65197 60831 130598 141311 -176899 105355 45699 62437 182439 -26265 6648 -65156 181711 107881 161224 76946 45769 69437 181650 -75078 104767 137860 -46139 153933 123111 -152517 -178357 127400 76429 77128 -88191 41973 -137311 -23458 192646 -131897 84945 36351 199740 -94801 -52868 -110684 3098 -64525 173116 -8372 143037 -27593 142232 24816 -134289 136539 -135585 147187 7408 175367 187627 13696 116061 -111628 -84632 70261 -164808 -51380 -153854 165553 36762 146425 307 -65843 164680 -88678 -99264 124224 32711 49956 -27260 -101892 -79214 -69257 13167 -199611 -62990 107255 66965 17325 -54003 131431 -61196 189978 168694 66209 -81578 165762 198596 -53768 27134 175669 149460 136388 81210 98447 173347 112332 185582 168507 64542 21222 135424 -56013 -24540 -170881 70278 146184 36397 101557 -167693 132019 145190 -20332 -143363 28681 97992 -33518 -115949 64776 -40078 198587 47065 136011 83915 190432 183880 115718 -80380 31718 -40182 -149297 -82147 61244 -141780 161449 -159730 72988 -159861 125565 140428 -125625 -139821 -8400 66937 66644 -154777 -189511 86233 -195778 34229 -165505 -3724 168392 41626 65641 89284 109455 121308 132269 -36942 -73221 843 25377 -111662 -45598 148374 -50362 158576 170548 101898 -67490 -119010 18292 106941 12694 100033 -95523 89207 161427 -113833 90875 117758 92398 65914 29237 -93783 -70938 98332 120990 197809 -189674 -77157 126540 -87925 158266 45934 25226 37909 -149503 -193585 110061 147175 151863 -45694 33481 108775 127466 121419 149856 -141565 154269 95664 36494 100173 -91292 63696 53918 -25704 27496 -97236 -119664 10686 10327 171145 114256 127315 78966 28846 -188131 -15826 126325 78155 146669 113575 54348 116942 59309 -70922 -79454 187383 -138899 118829 65948 -108741 47728 23932 -122224 -109593 175099 145528 -146804 23209 114994 -182892 100782 -102599 -23743 153363 191251 -136105 172759 12923 145683 176938 116647 140670 142607 93270 193340 -168736 -8851 -114479 82347 27274 110008 187654 -852 -168026 101439 177195 -190129 125825 55462 40129 142458 -27827 193780 -24161 112335 72534 197836 -133482 198603 -145500 191657 -154801 -81421 -154833 -135043 10317 76525 -118131 -159251 194873 -184585 -12571 -29154 183130 -62116 97539 146580 178765 -113741 58709 56982 -84695 63081 141583 47867 199546 -131950 100993 11818 146847 153026 19156 194435 61040 186875 35474 161645 97902 197875 151703 110608 85491 38367 -120082 104244 -28279 140445 -104300 57538 171803 177241 82388 124464 33566 -102961 -23692 -26594 89245 -143199 -54239 -197591 145351 92670 77172 26013 57231 10751 -57797 -86198 -186467 149488 26886 168646 -72619 117914 -98328 -56999 120767 42293 -152922 160081 103806 -14998 151712 52217 156860 190259 88585 144083 -94463 -3439 -154223 -96101 164182 -27403 -111247 175241 -34747 -50950
287 422
428 434
279 337
16 387
227 331
65 305
123 186
36 358
287 402
343 398
124 381
78 384
27 161
64 253
198 220
116 325
377 398
178 283
186 371
283 301
158 163
337 417
249 375
101 197
378 437
329 341
395 447
93 300
108 168
1 102
360 370
138 184
168 317
55 211
128 159
46 452
128 379
113 425
69 301
45 144
213 374
24 229
238 295
13 167
92 169
125 165
143 440
321 353
95 241
136 415
13 195
80 321
344 438
129 407
151 434
118 348
406 428
92 231
52 313
336 363
139 315
63 315
66 416
160 348
21 213
269 283
102 333
21 259
155 262
15 50
40 238
210 241
92 417
230 246
165 299
170 255
12 220
194 309
69 300
2 56
6 377
61 380
311 412
67 304
10 105
87 321
317 377
107 427
144 367
111 194
51 213
239 247
330 420
35 395
17 103
36 132
70 80
91 191
171 434
172 241
19 294
91 386
218 442
77 326
124 357
361 381
93 184
1 379
54 57
68 339
324 442
319 452
305 391
236 330
262 446
49 391
36 180
344 371
297 363
12 29
42 355
165 434
94 239
237 314
274 396
318 397
92 418
92 237
192 412
182 292
358 364
191 338
64 262
5 77
322 353
46 247
197 302
118 323
208 337
180 252
201 369
104 346
347 370
23 186
176 313
11 262
77 351
17 92
19 142
117 364
335 440
434 440
73 300
190 256
113 169
152 335
392 401
166 398
174 386
246 274
64 387
155 348
82 103
348 356
73 327
229 343
127 259
100 255
99 111
104 149
64 318
86 142
14 161
117 137
114 144
21 68
13 218
38 347
115 132
176 348
187 403
84 126
190 255
370 385
301 437
301 446
166 259
213 377
3 13
142 283
175 305
99 275
23 246
32 259
380 437
53 111
161 381
69 212
24 282
206 335
56 291
11 357
260 372
211 262
327 355
40 268
227 249
120 159
122 211
74 298
75 173
318 433
43 265
76 357
214 446
99 352
295 398
178 408
355 447
228 239
363 414
50 95
345 359
249 292
53 105
201 286
41 86
70 94
181 207
159 380
178 234
92 301
231 345
372 422
338 418
35 60
231 315
73 239
93 422
129 315
113 153
155 163
86 98
230 265
85 215
170 326
64 298
200 407
7 174
126 180
115 224
45 83
24 280
86 146
6 181
99 130
180 356
178 351
354 380
102 342
101 222
214 435
96 317
53 323
326 399
330 430
133 444
155 394
302 308
137 263
78 141
323 340
95 298
203 410
370 440
60 117
91 335
23 239
99 102
110 238
24 375
181 281
354 368
257 348
76 97
273 422
77 145
89 222
116 274
192 375
67 389
95 452
307 395
91 215
76 274
240 371
166 336
148 236
119 295
1 17
13 446
23 421
223 441
113 289
217 394
346 371
17 282
90 450
335 381
269 276
155 377
96 332
203 301
378 415
12 130
348 427
10 54
56 409
262 316
101 381
35 356
133 305
287 315
263 356
21 54
230 261
137 368
75 201
198 446
216 294
447 450
377 434
22 398
159 441
196 254
132 285
261 415
14 382
36 330
188 239
94 350
93 318
44 175
118 353
230 348
65 226
250 381
135 139
144 163
173 247
274 288
91 201
305 428
247 423
199 329
128 305
18 382
30 358
93 341
365 367
142 233
67 227
168 449
301 403
111 244
249 381
20 274
220 392
221 227
22 66
78 355
317 352
140 295
8 110
190 348
204 326
53 56
377 400
36 189
29 170
69 384
