65358330
65358330
65358330
65599422
64756752
74256064
73789556
73789556
75112920
74192903
74192903
74617712
73213855
73207954
72646504
72863679
72863679
72659020
72110482
72889211
71178229
70429642
70517639
69932537
69346861
69000354
69000354
68902837
70208106
68791734
68791734
70108651
71178377
69032189
69473119
78834608
78834608
78834608
78834608
78834608
78834608
77703193
77778243
80049160
79954616
79954616
78936096
78936096
79120712
77571944
77571944
75879208
75003568
75003568
75040252
75040252
73862852
73862852
73862852
73862852
73534058
73534058
71197878
71387822
71172242
72100786
72622474
69632508
67611660
67329259
66670483
66670483
66239139
66239139
66239139
71067461
69197579
68340876
68519994
68519994
69040167
71136844
71136844
70805986
70805986
71770609
71421090
71421090
72173113
74001162
74001162
74001162
75327215
74533333
74448388
75264168
74262438
72531278
72152188
72773348
72698546
72342246
72468175
72468175
70782808
60025796
60025796
58500577
58460234
59067062
62074874
62074874
63203199
63135117
62233348
62233348
62233348
63135278
56725394
57037551
56209993
56209993
55967828
53908223
50716406
59440718
58873431
58206941
55554749
56153069
55795371
55795371
55795371
55415061
58265702
58585029
58301759
58301759
57842085
57984409
56071213
55503119
56532953
58601884
62104248
67475015
66247144
58982787
58982787
61081769
67434282
67180402
52045474
52045474
52103999
49509511
49472827
48664563
48099203
48099203
48099203
48345401
48345401
42383955
42596598
40277058
40277058
39161161
36544300
36544300
39143974
39143974
39085568
38565053
38418628
38261417
38111561
36809995
33498235
33498235
30903266
30903266
29743787
29702479
27850167
27927943
27927943
25923537
25502654
24385708
24385708
24287716
20014290
20089972
20089972
18623949
13359475
12960317
12941161
13038943
13038943
12947520
12051138
12051138
11890766
11815084
11560943
11560943
11560943
11483167
11294226
10454148
