149699579
149699579
149699579
149699579
149699579
149654493
149515685
149207210
149170388
149264779
149264779
149264779
149264779
149264779
149438447
149438447
149438447
149438447
149438447
149438447
149337601
149211089
149211089
149211089
149385229
149385229
149385229
149212551
149212551
149066757
149066757
149066757
149066757
149066757
149054964
149054964
149054964
149039273
149039273
149039273
148870644
148870644
148784597
148784597
148784597
148784597
148941082
149258586
149258586
149233173
149129975
149129975
149129975
149129975
149129975
149256612
149256612
149256612
149256612
149058233
149058233
149058233
149058233
149226709
149269934
149269934
149171468
149171468
149171468
149171468
149149250
149214349
149369913
149410390
149290073
149206868
149156527
149156527
149156527
149156527
149156527
149419639
149419639
149419639
149419639
149419639
149419639
149509776
149509776
149465239
149465239
149330828
149233268
149233268
149307007
149307007
149307007
149330192
149266282
149382246
149232181
149318688
149318688
149327518
149343243
149541078
149541078
149541078
149672782
149672782
149672782
149672782
149672782
149672782
149672782
149764636
149764636
149764636
149764636
149862261
149862261
149862261
149722521
149832479
149874736
149874736
149772711
149772711
149772711
149816799
149888581
149721751
149609430
149609430
149540211
149409923
149409923
149409923
149409923
149399130
149399130
149399130
149399130
149399130
149399130
149394950
149541760
149541760
149541760
149541760
149541760
149541760
149541760
149541760
149541760
149717427
149717427
149717427
149717427
149717427
149717427
149717427
149536722
149536722
149536722
149536722
149536722
149536722
149367006
149367006
149367006
149367006
149367006
149367006
149412160
149412160
149412160
149412160
149412160
149412160
149412160
149412160
149412160
149278250
149278250
149278250
149278250
149211339
149332938
149424785
149424785
149383242
149383242
149383242
149383242
149330953
149330953
149330953
149094974
149094974
149094974
149094974
149094974
149094974
149094974
149094974
149094974
149094974
149094974
149094974
149094974
149094974
149094974
149054871
149125589
149125589
149125589
149125589
149125589
149125589
149242283
149242283
149350316
149350316
149350316
149350316
149243754
149243754
148960120
148960120
148960120
148960120
148960120
149012036
149012036
149012036
148858236
148858236
148858236
148858236
148858236
148858236
148858236
148858236
149064953
149085820
149132507
149132507
149132507
149239474
149202291
149180366
149180366
149180366
149050256
149050256
148861642
148928236
148928236
148928236
148928236
148872677
148872677
148872677
