145536938
145522982
145522982
145522982
145522982
145395886
145280949
145280949
145529783
145514737
145593673
145593673
145798994
145798994
145821155
145821155
145868216
145677631
145588572
145888834
145882228
145691451
145691451
145772897
146083141
145424778
145423794
145525642
145525642
145525642
145525642
145525642
145525642
145471899
145686025
145686025
145686025
145694924
145694924
145694924
145650723
145651507
145651507
145829289
145668983
145687049
145687049
145684768
145684768
145385914
145406359
145334466
145319081
145319081
145319081
145541251
145541251
143180456
143358903
143358903
143358903
143230658
143081194
143081194
143081194
143225659
143225659
143327887
143568556
142950172
142950172
142950172
142950172
142641098
142835587
142835587
142923051
142923051
142923051
142923051
143068589
143068589
143063813
143063813
143063813
142973292
142973292
142916529
142916529
143045075
143057815
143057815
143093361
143019175
143019175
143309402
143241162
143241162
143241162
143023613
143023613
143163443
143163443
143135984
143135984
143213770
143213770
143213770
143213770
143213770
143213770
143213770
143213770
143014060
143014060
143014060
142891777
142891777
142891777
142706384
142902013
142768840
142768840
142768840
142768840
142604014
142626098
142686844
142884222
142912072
143147017
143147017
143147017
143147017
143147017
143147017
143147017
143147017
143146411
142824174
142824174
143042667
142924326
142924326
142924326
142924326
142924326
142924326
143392759
143310035
143310035
143310035
143310035
143345813
143363329
143531783
144125268
144125268
144125268
144125268
144125268
144191204
144191204
144183209
144155754
144092208
144061455
144048920
144025227
143918038
143908342
143776814
143783972
143783972
143783972
143998997
143998997
143890202
143833331
143934705
143975830
143975830
143975830
143975830
143914396
144054093
144077532
144285081
144368473
144326578
144326578
144325501
143645525
143645525
143645525
143645525
143645525
143749238
143749238
143530841
