502974396
502974396
502935665
502935665
503019467
503280119
503204804
503204804
503334673
503279783
503279783
503347421
503347421
503172846
503172846
503172846
503052504
502498210
502550755
502550755
502515847
502394470
502394470
502394470
502394470
501890860
501737988
501682923
501212363
501212363
501140963
501140963
501233649
501021080
501177543
501177543
501204513
501204513
501204513
501393467
498580387
498580387
498711741
498548312
498465647
498465647
498623742
498623742
498571241
498596349
498564365
498564365
498564365
498191785
498191785
497951625
497951625
497937921
497937921
497937921
497936269
497894318
496994840
496869409
496406672
496406672
496529314
496347509
495748812
495748812
495748812
496009371
496167594
496167594
496167594
496237138
496237138
496089023
496089023
496089023
495894675
495894675
495894675
495863322
495863322
495863322
495863322
495863322
495863322
495572285
495572285
495288582
495148198
495248468
495248468
495248468
495248468
495248468
494986585
494932615
